        8.25        61.46         3.71         0.2697
       13.75        61.88         3.63         0.2756
       19.25        62.20         6.54         0.1529
       24.75        62.60         8.17         0.1224
       30.25        63.40         7.94         0.1260
       35.75        64.42         8.75         0.1142
       41.25        65.45         8.20         0.1219
       46.75        66.47         7.95         0.1259
       52.25        68.36         8.89         0.1125
       57.75        70.30         6.76         0.1479
       63.25        71.27        12.77         0.0783
       68.75        72.04        22.29         0.0449
       74.25        72.75        26.32         0.0380
       79.75        73.46        23.68         0.0422
       85.25        74.35        25.86         0.0387
       90.75        75.60        29.76         0.0336
       96.25        77.00        34.42         0.0291
      101.75        78.45        40.79         0.0245
      107.25        80.00        58.08         0.0172
      112.75        81.29        51.45         0.0194
      118.25        82.24        45.15         0.0221
      123.75        83.13        42.22         0.0237
      129.25        84.01        45.88         0.0218
      134.75        84.88        41.95         0.0238
      140.25        85.75        43.25         0.0231
      145.75        86.39        41.62         0.0240
      151.25        86.73        28.85         0.0347
      156.75        86.95        31.36         0.0319
      162.25        87.03        45.45         0.0220
        8.25        57.92         2.84         0.3519
       13.75        58.33         3.63         0.2756
       19.25        58.63         2.26         0.4417
       24.75        59.01         1.44         0.6949
       30.25        59.77         1.85         0.5414
       35.75        60.75         1.35         0.7413
       41.25        61.72         2.15         0.4643
       46.75        62.69         3.92         0.2552
       52.25        64.47         9.70         0.1031
       57.75        66.30        20.49         0.0488
       63.25        67.21         6.83         0.1464
       68.75        67.92         3.43         0.2915
       74.25        68.58         2.57         0.3885
       79.75        69.24         4.26         0.2347
       85.25        70.07         3.92         0.2550
       90.75        71.22        29.85         0.0335
       96.25        72.50        34.52         0.0290
      101.75        73.83        59.84         0.0167
      107.25        75.22        16.28         0.0614
      112.75        76.38        27.04         0.0370
      118.25        77.22         9.46         0.1057
      123.75        78.00        29.25         0.0342
      129.25        78.77        12.55         0.0797
      134.75        79.52        21.78         0.0459
      140.25        80.27        14.10         0.0709
      145.75        80.81         9.66         0.1035
      151.25        81.09        37.56         0.0266
      156.75        81.28        14.78         0.0677
      162.25        81.35       160.61       0.006226
       13.75        54.57         2.99         0.3340
       19.25        54.86         2.28         0.4396
       24.75        55.22         2.36         0.4246
       30.25        55.94         7.22         0.1384
       35.75        56.87        10.54         0.0949
       41.25        57.79        10.93         0.0915
       46.75        58.70        13.76         0.0727
       52.25        60.38         2.43         0.4110
       57.75        62.09         1.04         0.9634
       63.25        62.94         1.04         0.9606
       68.75        63.60         3.76         0.2662
       74.25        64.22         5.64         0.1774
       79.75        64.83         5.35         0.1868
       85.25        65.59        15.70         0.0637
       90.75        66.65         4.88         0.2049
       96.25        67.81         2.58         0.3877
      101.75        69.01         5.60         0.1787
      107.25        70.26        16.25         0.0615
      112.75        71.29        28.15         0.0355
      118.25        72.03        39.65         0.0252
      123.75        72.71        46.11         0.0217
      129.25        73.38        45.92         0.0218
      134.75        74.02        23.22         0.0431
      140.25        74.66        23.40         0.0427
      145.75        75.11        23.46         0.0426
      151.25        75.35        79.11         0.0126
      156.75        75.50         1.31         0.7624
       19.25        50.63         2.27         0.4398
       24.75        50.97         2.29         0.4361
       30.25        51.66         7.19         0.1390
       35.75        52.53        10.53         0.0950
       41.25        53.40        10.90         0.0917
       46.75        54.26        10.96         0.0912
       52.25        55.82         6.02         0.1661
       57.75        57.42         6.03         0.1658
       63.25        58.20         6.26         0.1597
       68.75        58.81        10.88         0.0919
       74.25        59.38        10.92         0.0916
       79.75        59.94        10.85         0.0922
       85.25        60.64         0.04          22.73
       90.75        61.59        45.14         0.0222
       96.25        62.65        44.96         0.0222
      101.75        63.72        40.57         0.0246
      107.25        64.83        25.02         0.0400
      112.75        65.73        24.46         0.0409
      118.25        66.37         4.02         0.2489
      123.75        66.96         4.00         0.2498
      129.25        67.52         3.97         0.2520
      134.75        68.06         3.95         0.2534
      140.25        68.59         3.95         0.2529
      145.75        68.96        23.43         0.0427
      151.25        69.15        79.26         0.0126
       24.75        46.30         1.48         0.6770
       30.25        46.95         1.46         0.6835
       35.75        47.77         1.46         0.6835
       41.25        48.58         1.47         0.6803
       46.75        49.38         1.48         0.6739
       52.25        50.83         2.98         0.3356
       57.75        52.31         6.08         0.1646
       63.25        53.03         6.29         0.1590
       68.75        53.59        10.87         0.0920
       74.25        54.10        10.92         0.0916
       79.75        54.61        10.90         0.0917
       85.25        55.25         0.04          22.73
       90.75        56.11         3.36         0.2978
       96.25        57.05         3.38         0.2962
      101.75        58.00         3.38         0.2958
      107.25        58.97         3.38         0.2957
      112.75        59.75         3.38         0.2955
      118.25        60.30         3.40         0.2944
      123.75        60.80         3.60         0.2779
      129.25        61.27         3.69         0.2706
      134.75        61.71         3.90         0.2561
      140.25        62.14         3.93         0.2546
      145.75        62.43        23.46         0.0426
       35.75        42.54         1.47         0.6821
       41.25        43.29         1.47         0.6798
       46.75        44.04         1.48         0.6752
       52.25        45.38         2.98         0.3357
       57.75        46.73         6.12         0.1633
       63.25        47.39         6.31         0.1585
       68.75        47.90        10.62         0.0942
       74.25        48.37        10.66         0.0938
       79.75        48.83        10.65         0.0939
       85.25        49.40         3.37         0.2966
       90.75        50.16         3.37         0.2971
       96.25        51.00         3.38         0.2963
      101.75        51.83         3.38         0.2958
      107.25        52.67         3.38         0.2955
      112.75        53.34         3.39         0.2949
      118.25        53.80         3.40         0.2937
      123.75        54.21         3.60         0.2777
      129.25        54.59         3.70         0.2705
      134.75        54.95         3.91         0.2561
       46.75        38.03         1.48         0.6752
       52.25        39.25         3.04         0.3286
       57.75        40.48         6.19         0.1616
       63.25        41.08         6.32         0.1584
       68.75        41.54         6.40         0.1562
       74.25        41.95         6.41         0.1559
       79.75        42.36         6.41         0.1561
       85.25        42.87         3.88         0.2575
       90.75        43.54         3.79         0.2640
       96.25        44.27         3.77         0.2652
      101.75        44.99         3.77         0.2655
      107.25        45.70         3.77         0.2655
      112.75        46.26         3.77         0.2652
      118.25        46.64         3.78         0.2646
      123.75        46.97         3.80         0.2632
       57.75        33.69         6.25         0.1601
       63.25        34.19         6.28         0.1594
       68.75        34.58         6.29         0.1591
       74.25        34.92         6.28         0.1591
       79.75        35.27         6.26         0.1596
       85.25        35.68         3.98         0.2515
       90.75        36.23         3.83         0.2611
       96.25        36.82         3.82         0.2620
      101.75        37.39         3.81         0.2624
      107.25        37.93         3.81         0.2626
      112.75        38.35         3.81         0.2627
       68.75        27.15         6.27         0.1596
       74.25        27.45         6.27         0.1596
       79.75        27.74         6.25         0.1601
       85.25        28.10         3.98         0.2509
       90.75        28.57         3.84         0.2604
       96.25        29.07         3.83         0.2614
      101.75        29.53         3.82         0.2618
