        6.87        56.14         2.54         0.3939
        9.62        56.50         1.28         0.7825
       12.37        56.87        24.75         0.0404
       15.12        57.22         4.03         0.2484
       17.87        57.54        31.25         0.0320
       20.62        57.82         8.39         0.1191
       23.37        58.11        32.50         0.0308
       26.12        58.40         5.29         0.1892
       28.87        58.74        10.11         0.0989
       31.62        59.28         7.10         0.1409
       34.37        59.83        14.47         0.0691
       37.12        60.23        23.17         0.0432
       39.87        60.60         6.16         0.1623
       42.62        60.97        23.93         0.0418
       45.37        61.33        13.62         0.0734
       48.12        61.70        24.26         0.0412
       50.87        62.07        11.52         0.0868
       53.62        62.85        19.00         0.0526
       56.37        64.09        13.59         0.0736
       59.12        65.36        15.07         0.0664
       61.87        66.64        20.82         0.0480
       64.63        67.92        21.69         0.0461
       67.38        69.15        56.07         0.0178
       70.13        69.91        23.24         0.0430
       72.88        70.23        63.38         0.0158
       75.63        70.56        19.74         0.0507
       78.38        70.88        76.11         0.0131
       81.13        71.21        19.32         0.0518
       83.88        71.53        52.68         0.0190
       86.63        71.86        36.96         0.0271
       89.38        72.19        40.00         0.0250
       92.13        72.51        40.43         0.0247
       94.88        72.84        38.35         0.0261
       97.63        73.11        38.02         0.0263
      100.38        73.27        27.58         0.0363
      103.13        73.40        32.01         0.0312
      105.88        73.52        14.09         0.0710
      108.63        73.64        48.66         0.0206
      111.38        73.76        46.21         0.0216
      114.13        73.87        58.34         0.0171
      116.88        73.96        25.34         0.0395
      119.63        74.04        46.75         0.0214
      122.38        74.12        21.77         0.0459
      125.13        74.20       101.06       0.009895
      127.88        74.28        32.83         0.0305
      130.63        74.39        30.93         0.0323
      133.38        74.61        52.16         0.0192
      136.13        74.94        20.10         0.0498
      138.88        75.26        37.88         0.0264
      141.63        75.59        37.59         0.0266
      144.38        75.91        30.56         0.0327
      147.13        76.24        30.79         0.0325
      149.88        76.56        30.79         0.0325
      152.63        76.89        33.11         0.0302
      155.38        77.21        41.85         0.0239
      158.13        77.54        28.71         0.0348
      160.88        77.86        43.46         0.0230
      163.63        78.18        20.33         0.0492
      166.38        78.51        99.90         0.0100
      169.13        78.74        18.11         0.0552
      171.88        78.86        93.10         0.0107
      174.63        78.94        24.21         0.0413
      177.38        79.02        51.38         0.0195
      180.13        79.10        46.13         0.0217
      182.88        79.18        45.98         0.0217
      185.63        79.24       105.53       0.009476
      188.38        79.26        58.39         0.0171
      191.13        79.26        89.87         0.0111
      193.88        79.26        59.90         0.0167
      196.63        79.26         5.46         0.1831
      199.38        79.35        20.65         0.0484
      202.13        79.65        20.56         0.0486
      204.88        80.09         3.52         0.2843
      207.63        80.67       100.69       0.009931
      210.38        81.35        81.30         0.0123
      213.13        82.03        52.62         0.0190
      215.88        82.67        34.25         0.0292
      218.63        83.27       152.21       0.006570
      221.38        84.02        86.08         0.0116
      224.13        84.96        60.89         0.0164
      226.88        85.63        76.55         0.0131
      229.63        85.81        57.36         0.0174
      232.38        85.81        57.67         0.0173
      235.13        85.81        30.33         0.0330
      237.88        85.81        36.19         0.0276
      240.63        85.84        60.16         0.0166
      243.38        85.93        35.07         0.0285
      246.13        86.06        69.59         0.0144
      248.88        86.21        39.41         0.0254
      251.63        86.51        43.46         0.0230
      254.38        86.90        43.28         0.0231
      257.13        87.15        31.03         0.0322
      259.88        87.27        39.92         0.0251
      262.63        87.40        37.30         0.0268
      265.38        87.57        44.20         0.0226
      268.13        87.84        45.00         0.0222
      270.88        88.31        71.80         0.0139
      273.63        88.74        89.61         0.0112
      276.38        88.88       117.84       0.008486
      279.13        88.88        38.83         0.0258
      281.88        88.88        46.42         0.0215
      284.63        88.88        46.98         0.0213
      287.38        88.88        48.53         0.0206
      290.13        88.88        20.71         0.0483
      292.88        88.98        28.12         0.0356
      295.63        89.18        37.80         0.0265
        6.87        54.54         7.75         0.1291
        9.62        54.91        31.22         0.0320
       12.37        55.27        24.66         0.0406
       15.12        55.61         6.62         0.1511
       17.87        55.92        30.75         0.0325
       20.62        56.20         8.40         0.1190
       23.37        56.49        13.88         0.0720
       26.12        56.77         6.23         0.1605
       28.87        57.10         6.27         0.1594
       31.62        57.64         6.25         0.1600
       34.37        58.18         6.26         0.1598
       37.12        58.57         6.24         0.1602
       39.87        58.93         6.17         0.1621
       42.62        59.29        13.68         0.0731
       45.37        59.65        13.59         0.0736
       48.12        60.01        13.56         0.0737
       50.87        60.38        11.61         0.0861
       53.62        61.14        19.07         0.0524
       56.37        62.36        13.56         0.0737
       59.12        63.61        13.77         0.0726
       61.87        64.86        21.69         0.0461
       64.63        66.11        21.81         0.0459
       67.38        67.31        55.42         0.0180
       70.13        68.05        23.28         0.0430
       72.88        68.37        38.89         0.0257
       75.63        68.69        19.81         0.0505
       78.38        69.00        21.87         0.0457
       81.13        69.32        17.87         0.0560
       83.88        69.64        16.61         0.0602
       86.63        69.96        16.59         0.0603
       89.38        70.27        16.58         0.0603
       92.13        70.59         9.54         0.1048
       94.88        70.91         9.54         0.1048
       97.63        71.17         8.40         0.1190
      100.38        71.33         8.37         0.1195
      103.13        71.45         9.81         0.1019
      105.88        71.57         8.70         0.1149
      108.63        71.69         8.71         0.1148
      111.38        71.81        19.68         0.0508
      114.13        71.91        41.54         0.0241
      116.88        72.00        25.30         0.0395
      119.63        72.08        21.66         0.0462
      122.38        72.16        21.74         0.0460
      125.13        72.24        33.88         0.0295
      127.88        72.31        33.39         0.0299
      130.63        72.41        35.13         0.0285
      133.38        72.63        35.18         0.0284
      136.13        72.95        17.11         0.0584
      138.88        73.26        81.95         0.0122
      141.63        73.58        82.46         0.0121
      144.38        73.90        16.44         0.0608
      147.13        74.21        14.85         0.0673
      149.88        74.52        35.41         0.0282
      152.63        74.84        34.40         0.0291
      155.38        75.15        13.02         0.0768
      158.13        75.47        28.78         0.0347
      160.88        75.78        31.52         0.0317
      163.63        76.09        18.02         0.0555
      166.38        76.41        74.67         0.0134
      169.13        76.64        68.35         0.0146
      171.88        76.75        91.63         0.0109
      174.63        76.82        36.35         0.0275
      177.38        76.90        32.83         0.0305
      180.13        76.98        32.50         0.0308
      182.88        77.06        46.17         0.0217
      185.63        77.12       105.85       0.009447
      188.38        77.13         7.14         0.1401
      191.13        77.13        10.07         0.0993
      193.88        77.13        60.17         0.0166
      196.63        77.13         6.91         0.1447
      199.38        77.22        21.18         0.0472
      202.13        77.51        21.42         0.0467
      204.88        77.93         3.51         0.2847
      207.63        78.49        25.77         0.0388
      210.38        79.14        25.82         0.0387
      213.13        79.80        25.66         0.0390
      215.88        80.41        34.65         0.0289
      218.63        80.99       152.07       0.006576
      221.38        81.71        86.59         0.0115
      224.13        82.61       152.57       0.006554
      226.88        83.25        76.65         0.0130
      229.63        83.42        44.18         0.0226
      232.38        83.42        79.61         0.0126
      235.13        83.42        72.37         0.0138
      237.88        83.42        43.77         0.0228
      240.63        83.45        41.59         0.0240
      243.38        83.54        35.20         0.0284
      246.13        83.65        69.46         0.0144
      248.88        83.80        35.10         0.0285
      251.63        84.09        67.30         0.0149
      254.38        84.46       193.47       0.005169
      257.13        84.69        70.42         0.0142
      259.88        84.81        61.29         0.0163
      262.63        84.93        61.08         0.0164
      265.38        85.09        77.76         0.0129
      268.13        85.35        79.28         0.0126
      270.88        85.79        25.36         0.0394
      273.63        86.20        25.15         0.0398
      276.38        86.33        55.28         0.0181
      279.13        86.33        47.50         0.0211
      281.88        86.33        46.94         0.0213
      284.63        86.33        47.05         0.0213
      287.38        86.33        24.63         0.0406
      290.13        86.33        23.23         0.0430
      292.88        86.42       160.05       0.006248
      295.63        86.61        33.72         0.0297
        6.87        52.86         7.77         0.1287
        9.62        53.22         7.65         0.1307
       12.37        53.58         6.42         0.1558
       15.12        53.92         6.50         0.1539
       17.87        54.22         6.63         0.1509
       20.62        54.50         6.28         0.1594
       23.37        54.78         6.28         0.1593
       26.12        55.05         6.23         0.1606
       28.87        55.38         6.18         0.1619
       31.62        55.90         5.79         0.1727
       34.37        56.44         4.40         0.2275
       37.12        56.82         3.78         0.2647
       39.87        57.18         3.79         0.2639
       42.62        57.53         3.93         0.2545
       45.37        57.89         3.92         0.2548
       48.12        58.24         3.61         0.2767
       50.87        58.59         3.53         0.2835
       53.62        59.35         4.84         0.2067
       56.37        60.53         4.84         0.2067
       59.12        61.76        13.09         0.0764
       61.87        62.98        13.72         0.0729
       64.63        64.20        12.41         0.0806
       67.38        65.38         9.64         0.1037
       70.13        66.10         9.62         0.1040
       72.88        66.41        10.02         0.0998
       75.63        66.72        10.03         0.0997
       78.38        67.03         9.99         0.1001
       81.13        67.34         6.05         0.1652
       83.88        67.65         6.05         0.1654
       86.63        67.96         7.00         0.1428
       89.38        68.26         7.01         0.1426
       92.13        68.57         2.79         0.3582
       94.88        68.88         3.03         0.3303
       97.63        69.14         3.04         0.3289
      100.38        69.29         1.94         0.5163
      103.13        69.41         1.94         0.5152
      105.88        69.53         4.40         0.2275
      108.63        69.64         4.39         0.2279
      111.38        69.76         1.86         0.5391
      114.13        69.86         1.88         0.5308
      116.88        69.94         4.18         0.2394
      119.63        70.02         4.07         0.2455
      122.38        70.09         1.40         0.7128
      125.13        70.17         1.11         0.8993
      127.88        70.25         1.13         0.8811
      130.63        70.35         5.04         0.1983
      133.38        70.56         5.04         0.1985
      136.13        70.86         1.08         0.9251
      138.88        71.17         1.08         0.9234
      141.63        71.48         1.10         0.9074
      144.38        71.78         1.96         0.5107
      147.13        72.09         3.46         0.2886
      149.88        72.39         3.46         0.2887
      152.63        72.69         0.57           1.74
      155.38        73.00         0.57           1.75
      158.13        73.30         5.01         0.1998
      160.88        73.60         5.04         0.1984
      163.63        73.91         2.51         0.3990
      166.38        74.21         3.20         0.3129
      169.13        74.43         3.33         0.3006
      171.88        74.54         3.34         0.2997
      174.63        74.61         3.39         0.2950
      177.38        74.69         8.67         0.1154
      180.13        74.76         8.65         0.1156
      182.88        74.84         3.11         0.3212
      185.63        74.89         3.29         0.3037
      188.38        74.91         3.96         0.2527
      191.13        74.91        10.08         0.0992
      193.88        74.91        10.21         0.0979
      196.63        74.91         3.35         0.2984
      199.38        75.00         5.00         0.2002
      202.13        75.27         5.11         0.1958
      204.88        75.68         3.04         0.3285
      207.63        76.21         6.14         0.1630
      210.38        76.84         7.29         0.1372
      213.13        77.47         4.23         0.2362
      215.88        78.06         4.23         0.2364
      218.63        78.61        47.32         0.0211
      221.38        79.30        47.22         0.0212
      224.13        80.16       152.20       0.006570
      226.88        80.76        77.36         0.0129
      229.63        80.92        44.28         0.0226
      232.38        80.92        56.96         0.0176
      235.13        80.92        56.92         0.0176
      237.88        80.92        43.77         0.0228
      240.63        80.95        41.29         0.0242
      243.38        81.04        30.60         0.0327
      246.13        81.15        30.67         0.0326
      248.88        81.29        31.04         0.0322
      251.63        81.56        67.11         0.0149
      254.38        81.91       191.41       0.005224
      257.13        82.13        71.98         0.0139
      259.88        82.24        59.18         0.0169
      262.63        82.36        58.90         0.0170
      265.38        82.51        78.17         0.0128
      268.13        82.75        79.73         0.0125
      270.88        83.17        38.59         0.0259
      273.63        83.56        36.55         0.0274
      276.38        83.68        38.19         0.0262
      279.13        83.68        38.27         0.0261
      281.88        83.68        27.54         0.0363
      284.63        83.68        24.61         0.0406
      287.38        83.68        24.50         0.0408
      290.13        83.68        24.85         0.0402
      292.88        83.77       159.83       0.006257
      295.63        83.95        21.99         0.0455
        9.62        51.35         7.78         0.1285
       12.37        51.70         6.50         0.1539
       15.12        52.03         6.47         0.1545
       17.87        52.33         2.55         0.3920
       20.62        52.60         2.54         0.3943
       23.37        52.87         2.56         0.3908
       26.12        53.15         4.72         0.2119
       28.87        53.47         4.73         0.2116
       31.62        53.98         4.70         0.2125
       34.37        54.51         4.28         0.2338
       37.12        54.88         3.65         0.2738
       39.87        55.23         3.65         0.2740
       42.62        55.58         3.67         0.2723
       45.37        55.92         3.67         0.2721
       48.12        56.27         3.60         0.2775
       50.87        56.62         3.52         0.2838
       53.62        57.35         3.73         0.2677
       56.37        58.51         4.11         0.2431
       59.12        59.71         4.13         0.2424
       61.87        60.90         4.11         0.2431
       64.63        62.09         2.83         0.3534
       67.38        63.24         2.82         0.3544
       70.13        63.94         2.83         0.3531
       72.88        64.24         3.17         0.3158
       75.63        64.54         3.21         0.3112
       78.38        64.84         3.21         0.3113
       81.13        65.14         2.54         0.3940
       83.88        65.44         2.47         0.4050
       86.63        65.74         2.47         0.4055
       89.38        66.04         2.45         0.4082
       92.13        66.34         2.34         0.4268
       94.88        66.64         3.01         0.3326
       97.63        66.89         3.04         0.3289
      100.38        67.04         1.95         0.5131
      103.13        67.15         1.95         0.5133
      105.88        67.26         4.39         0.2276
      108.63        67.38         4.38         0.2282
      111.38        67.49         1.49         0.6720
      114.13        67.59         1.49         0.6707
      116.88        67.67         2.36         0.4246
      119.63        67.74         2.84         0.3525
      122.38        67.81         2.83         0.3534
      125.13        67.89         2.83         0.3534
      127.88        67.96         3.05         0.3279
      130.63        68.06         5.03         0.1986
      133.38        68.26         5.02         0.1992
      136.13        68.56         1.08         0.9234
      138.88        68.85         1.08         0.9251
      141.63        69.15         1.10         0.9124
      144.38        69.44         1.96         0.5105
      147.13        69.74         3.50         0.2856
      149.88        70.03         3.51         0.2848
      152.63        70.32         3.51         0.2853
      155.38        70.62         3.52         0.2843
      158.13        70.91         4.99         0.2003
      160.88        71.20         4.98         0.2008
      163.63        71.49         2.52         0.3970
      166.38        71.78         3.19         0.3138
      169.13        71.99         3.31         0.3018
      171.88        72.10         3.32         0.3010
      174.63        72.17         3.39         0.2951
      177.38        72.24         5.74         0.1741
      180.13        72.31         5.73         0.1744
      182.88        72.39         2.99         0.3347
      185.63        72.44         2.99         0.3344
      188.38        72.46         3.93         0.2543
      191.13        72.46         6.50         0.1538
      193.88        72.46         6.47         0.1546
      196.63        72.46         3.02         0.3309
      199.38        72.54         3.03         0.3306
      202.13        72.80         3.03         0.3304
      204.88        73.19         3.02         0.3308
      207.63        73.71         6.15         0.1626
      210.38        74.31         6.64         0.1505
      213.13        74.91         4.25         0.2355
      215.88        75.47         4.23         0.2366
      218.63        75.99         4.37         0.2288
      221.38        76.65         4.38         0.2282
      224.13        77.46        18.31         0.0546
      226.88        78.04        18.58         0.0538
      229.63        78.19        18.67         0.0536
      232.38        78.19        18.88         0.0530
      235.13        78.19        22.54         0.0444
      237.88        78.19        28.98         0.0345
      240.63        78.22        29.59         0.0338
      243.38        78.30        29.85         0.0335
      246.13        78.40        30.22         0.0331
      248.88        78.54        30.29         0.0330
      251.63        78.79        22.57         0.0443
      254.38        79.12         5.59         0.1789
      257.13        79.33         3.21         0.3112
      259.88        79.43         3.19         0.3132
      262.63        79.54         3.21         0.3118
      265.38        79.68        19.67         0.0508
      268.13        79.91        38.74         0.0258
      270.88        80.30        38.67         0.0259
      273.63        80.67        37.73         0.0265
      276.38        80.78        37.65         0.0266
      279.13        80.78        19.19         0.0521
      281.88        80.78        10.05         0.0995
      284.63        80.78        10.05         0.0995
      287.38        80.78        12.63         0.0792
      290.13        80.78        22.32         0.0448
      292.88        80.86        22.12         0.0452
       15.12        49.94         7.77         0.1287
       17.87        50.23         2.49         0.4008
       20.62        50.50         2.49         0.4013
       23.37        50.77         2.50         0.3994
       26.12        51.03         2.71         0.3685
       28.87        51.35         4.30         0.2325
       31.62        51.85         4.30         0.2325
       34.37        52.37         4.26         0.2348
       37.12        52.73         3.65         0.2740
       39.87        53.07         3.65         0.2742
       42.62        53.41         3.66         0.2729
       45.37        53.75         3.67         0.2728
       48.12        54.09         3.62         0.2761
       50.87        54.43         3.61         0.2768
       53.62        55.14         3.73         0.2679
       56.37        56.28         4.11         0.2435
       59.12        57.44         4.11         0.2430
       61.87        58.61         4.07         0.2456
       64.63        59.76         2.82         0.3541
       67.38        60.87         2.82         0.3551
       70.13        61.55         2.83         0.3535
       72.88        61.85         2.86         0.3498
       75.63        62.14         2.87         0.3482
       78.38        62.43         2.87         0.3486
       81.13        62.72         2.52         0.3971
       83.88        63.01         2.07         0.4824
       86.63        63.30         2.06         0.4859
       89.38        63.59         2.05         0.4869
       92.13        63.88         2.06         0.4857
       94.88        64.17         3.00         0.3334
       97.63        64.40         5.59         0.1788
      100.38        64.55         5.59         0.1788
      103.13        64.66         5.57         0.1794
      105.88        64.77         5.55         0.1801
      108.63        64.88         4.50         0.2221
      111.38        64.99         1.49         0.6702
      114.13        65.08         1.49         0.6698
      116.88        65.16         2.03         0.4924
      119.63        65.23         2.82         0.3542
      122.38        65.30         3.12         0.3202
      125.13        65.37         4.31         0.2321
      127.88        65.44         4.96         0.2015
      130.63        65.54         5.02         0.1990
      133.38        65.73         5.01         0.1997
      136.13        66.02         4.03         0.2479
      138.88        66.30         3.93         0.2543
      141.63        66.59         3.94         0.2541
      144.38        66.87         4.50         0.2222
      147.13        67.15         7.21         0.1387
      149.88        67.43         7.24         0.1381
      152.63        67.72         7.21         0.1386
      155.38        68.00         6.93         0.1442
      158.13        68.28         5.42         0.1844
      160.88        68.56         4.99         0.2003
      163.63        68.84         3.50         0.2856
      166.38        69.11         3.50         0.2856
      169.13        69.32         3.51         0.2851
      171.88        69.41         3.52         0.2842
      174.63        69.48         4.26         0.2346
      177.38        69.55         5.64         0.1774
      180.13        69.62         5.63         0.1776
      182.88        69.69         2.99         0.3346
      185.63        69.74         2.99         0.3348
      188.38        69.76         3.45         0.2901
      191.13        69.76         3.73         0.2682
      193.88        69.76         3.72         0.2686
      196.63        69.76         3.02         0.3316
      199.38        69.84         3.01         0.3323
      202.13        70.09         3.01         0.3321
      204.88        70.46         3.02         0.3312
      207.63        70.95         6.37         0.1570
      210.38        71.52         6.61         0.1514
      213.13        72.09         6.18         0.1619
      215.88        72.63         4.38         0.2286
      218.63        73.12         4.37         0.2289
      221.38        73.74         4.35         0.2298
      224.13        74.51         4.28         0.2338
      226.88        75.05         4.21         0.2374
      229.63        75.20         4.15         0.2410
      232.38        75.20         4.14         0.2414
      235.13        75.20         4.16         0.2403
      237.88        75.20        14.44         0.0693
      240.63        75.22        26.48         0.0378
      243.38        75.30        29.69         0.0337
      246.13        75.39        29.97         0.0334
      248.88        75.52        29.98         0.0334
      251.63        75.76        21.91         0.0456
      254.38        76.07         5.19         0.1927
      257.13        76.26         3.21         0.3114
      259.88        76.36         3.19         0.3133
      262.63        76.46         3.20         0.3123
      265.38        76.59         3.43         0.2914
      268.13        76.81         7.46         0.1340
      270.88        77.17         8.67         0.1153
      273.63        77.51         8.68         0.1152
      276.38        77.61         8.65         0.1156
      279.13        77.61         8.60         0.1162
      281.88        77.61         8.59         0.1164
      284.63        77.61         8.63         0.1159
      287.38        77.61        11.17         0.0895
       20.62        48.18         2.49         0.4021
       23.37        48.44         2.49         0.4008
       26.12        48.70         2.57         0.3894
       28.87        49.01         4.29         0.2329
       31.62        49.50         4.30         0.2327
       34.37        50.00         4.27         0.2344
       37.12        50.36         3.91         0.2559
       39.87        50.69         3.90         0.2564
       42.62        51.02         3.91         0.2556
       45.37        51.35         3.94         0.2539
       48.12        51.68         3.96         0.2528
       50.87        52.01         3.97         0.2516
       53.62        52.71         4.02         0.2488
       56.37        53.81         4.11         0.2432
       59.12        54.94         4.12         0.2427
       61.87        56.07         4.06         0.2461
       64.63        57.19         2.82         0.3541
       67.38        58.27         2.82         0.3550
       70.13        58.93         2.83         0.3537
       72.88        59.21         2.84         0.3521
       75.63        59.49         2.85         0.3515
       78.38        59.77         2.84         0.3524
       81.13        60.05         2.51         0.3990
       83.88        60.33         2.07         0.4843
       86.63        60.61         2.05         0.4883
       89.38        60.89         2.05         0.4888
       92.13        61.17         2.05         0.4869
       94.88        61.45         2.99         0.3339
       97.63        61.68         6.88         0.1453
      100.38        61.82         6.91         0.1448
      103.13        61.92         6.90         0.1449
      105.88        62.03         6.88         0.1454
      108.63        62.13         5.40         0.1852
      111.38        62.24         2.00         0.5005
      114.13        62.33         1.99         0.5023
      116.88        62.40         2.01         0.4970
      119.63        62.47         2.75         0.3632
      122.38        62.54         3.13         0.3196
      125.13        62.61         4.32         0.2316
      127.88        62.68         4.96         0.2016
      130.63        62.76         4.98         0.2008
      133.38        62.95         4.96         0.2015
      136.13        63.23         4.15         0.2407
      138.88        63.50         4.14         0.2414
      141.63        63.77         4.15         0.2407
      144.38        64.04         4.52         0.2210
      147.13        64.31         7.22         0.1384
      149.88        64.58         7.25         0.1379
      152.63        64.85         7.23         0.1383
      155.38        65.12         7.03         0.1423
      158.13        65.39         5.59         0.1788
      160.88        65.66         5.23         0.1912
      163.63        65.92         5.22         0.1916
      166.38        66.19         5.23         0.1914
      169.13        66.38         5.25         0.1905
      171.88        66.48         5.29         0.1891
      174.63        66.54         5.36         0.1864
      177.38        66.61         5.55         0.1801
      180.13        66.67         5.55         0.1802
      182.88        66.74         2.99         0.3341
      185.63        66.79         2.98         0.3352
      188.38        66.80         2.99         0.3342
      191.13        66.80         3.00         0.3337
      193.88        66.80         2.99         0.3340
      196.63        66.80         2.98         0.3355
      199.38        66.88         2.98         0.3358
      202.13        67.12         2.98         0.3351
      204.88        67.47         3.01         0.3328
      207.63        67.94         6.37         0.1569
      210.38        68.48         6.43         0.1555
      213.13        69.02         6.20         0.1614
      215.88        69.52         4.50         0.2223
      218.63        69.99         4.39         0.2275
      221.38        70.57         4.35         0.2298
      224.13        71.29         4.26         0.2347
      226.88        71.80         4.06         0.2464
      229.63        71.93         3.95         0.2528
      232.38        71.93         3.93         0.2541
      235.13        71.93         3.94         0.2539
      237.88        71.93         4.04         0.2474
      240.63        71.96         6.46         0.1548
      243.38        72.03         7.11         0.1406
      246.13        72.12         7.15         0.1398
      248.88        72.24         7.15         0.1398
      251.63        72.46         7.12         0.1404
      254.38        72.75         5.01         0.1995
      257.13        72.93         3.22         0.3102
      259.88        73.02         3.21         0.3117
      262.63        73.11         3.21         0.3111
      265.38        73.23         3.40         0.2937
      268.13        73.43         5.55         0.1803
      270.88        73.77         5.89         0.1698
      273.63        74.08         5.90         0.1694
      276.38        74.18         5.90         0.1694
      279.13        74.18         5.90         0.1695
      281.88        74.18         5.90         0.1695
       26.12        46.10         2.54         0.3935
       28.87        46.40         4.33         0.2311
       31.62        46.88         4.37         0.2290
       34.37        47.37         4.39         0.2280
       37.12        47.71         4.40         0.2272
       39.87        48.04         4.43         0.2257
       42.62        48.36         4.47         0.2236
       45.37        48.68         4.50         0.2223
       48.12        49.00         4.51         0.2216
       50.87        49.32         4.52         0.2212
       53.62        50.00         4.53         0.2209
       56.37        51.07         4.53         0.2208
       59.12        52.17         4.51         0.2216
       61.87        53.26         4.07         0.2458
       64.63        54.34         2.82         0.3541
       67.38        55.38         2.82         0.3550
       70.13        56.01         2.82         0.3546
       72.88        56.29         2.83         0.3540
       75.63        56.56         2.83         0.3540
       78.38        56.83         2.82         0.3552
       81.13        57.10         2.50         0.4000
       83.88        57.37         2.07         0.4829
       86.63        57.63         2.05         0.4869
       89.38        57.90         2.05         0.4873
       92.13        58.17         2.06         0.4852
       94.88        58.44         2.99         0.3341
       97.63        58.66         6.89         0.1451
      100.38        58.79         6.92         0.1445
      103.13        58.89         6.92         0.1445
      105.88        58.99         6.90         0.1450
      108.63        59.09         5.43         0.1841
      111.38        59.19         2.48         0.4036
      114.13        59.28         2.00         0.4998
      116.88        59.35         2.00         0.4993
      119.63        59.42         2.34         0.4268
      122.38        59.48         3.11         0.3215
      125.13        59.55         4.28         0.2336
      127.88        59.61         4.32         0.2317
      130.63        59.70         4.32         0.2317
      133.38        59.88         4.30         0.2328
      136.13        60.14         4.15         0.2408
      138.88        60.40         4.14         0.2413
      141.63        60.66         4.16         0.2407
      144.38        60.92         4.52         0.2214
      147.13        61.18         7.18         0.1394
      149.88        61.44         7.20         0.1389
      152.63        61.69         7.18         0.1392
      155.38        61.95         7.01         0.1426
      158.13        62.20         5.59         0.1790
      160.88        62.46         5.23         0.1911
      163.63        62.71         5.22         0.1914
      166.38        62.96         5.23         0.1911
      169.13        63.14         5.26         0.1903
      171.88        63.23         5.30         0.1889
      174.63        63.30         5.36         0.1864
      177.38        63.36         5.41         0.1847
      180.13        63.42         5.41         0.1847
      182.88        63.48         2.98         0.3350
      185.63        63.53         2.90         0.3447
      188.38        63.54         2.86         0.3498
      191.13        63.54         2.84         0.3520
      193.88        63.54         2.83         0.3531
      196.63        63.54         2.83         0.3536
      199.38        63.61         2.83         0.3534
      202.13        63.84         2.84         0.3521
      204.88        64.18         2.90         0.3449
      207.63        64.61         4.54         0.2201
      210.38        65.13         4.65         0.2152
      213.13        65.63         4.64         0.2155
      215.88        66.10         4.50         0.2221
      218.63        66.54         4.39         0.2277
      221.38        67.09         4.34         0.2303
      224.13        67.76         4.24         0.2358
      226.88        68.23         4.02         0.2488
      229.63        68.35         3.92         0.2548
      232.38        68.35         3.89         0.2569
      235.13        68.35         3.88         0.2581
      237.88        68.35         3.87         0.2585
      240.63        68.38         3.87         0.2585
      243.38        68.44         3.87         0.2585
      246.13        68.53         3.87         0.2587
      248.88        68.63         3.86         0.2594
      251.63        68.84         3.84         0.2608
      254.38        69.11         3.78         0.2649
      257.13        69.27         3.23         0.3095
      259.88        69.35         3.22         0.3108
      262.63        69.44         3.22         0.3104
      265.38        69.55         3.38         0.2956
      268.13        69.74         3.80         0.2633
      270.88        70.05         3.85         0.2599
      273.63        70.33         3.86         0.2592
      276.38        70.42         3.86         0.2589
       31.62        43.99         4.95         0.2021
       34.37        44.47         4.93         0.2028
       37.12        44.81         4.91         0.2038
       39.87        45.12         4.87         0.2053
       42.62        45.43         4.82         0.2076
       45.37        45.74         4.59         0.2177
       48.12        46.05         4.57         0.2190
       50.87        46.36         4.56         0.2195
       53.62        47.02         4.55         0.2197
       56.37        48.06         4.55         0.2199
       59.12        49.12         4.53         0.2209
       61.87        50.17         4.06         0.2462
       64.63        51.21         2.82         0.3550
       67.38        52.21         2.81         0.3564
       70.13        52.82         2.80         0.3566
       72.88        53.08         2.80         0.3566
       75.63        53.34         2.80         0.3573
       78.38        53.60         2.79         0.3588
       81.13        53.86         2.50         0.4006
       83.88        54.12         2.17         0.4608
       86.63        54.37         2.16         0.4632
       89.38        54.63         2.16         0.4634
       92.13        54.89         2.17         0.4617
       94.88        55.14         2.99         0.3344
       97.63        55.35         6.86         0.1458
      100.38        55.48         6.89         0.1452
      103.13        55.58         6.89         0.1451
      105.88        55.67         6.87         0.1455
      108.63        55.77         5.43         0.1843
      111.38        55.86         2.54         0.3945
      114.13        55.95         1.99         0.5018
      116.88        56.01         1.54         0.6502
      119.63        56.08         1.37         0.7326
      122.38        56.14         1.35         0.7424
      125.13        56.20         1.34         0.7468
      127.88        56.26         1.33         0.7496
      130.63        56.34         1.33         0.7519
      133.38        56.52         1.33         0.7530
      136.13        56.77         1.33         0.7530
      138.88        57.01         1.33         0.7508
      141.63        57.26         1.34         0.7446
      144.38        57.51         1.56         0.6423
      147.13        57.75         2.79         0.3584
      149.88        58.00         4.34         0.2305
      152.63        58.24         4.79         0.2089
      155.38        58.48         4.83         0.2069
      158.13        58.72         4.86         0.2058
      160.88        58.96         4.89         0.2047
      163.63        59.20         4.91         0.2037
      166.38        59.44         4.93         0.2028
      169.13        59.61         4.94         0.2023
      171.88        59.70         4.95         0.2021
      174.63        59.75         4.94         0.2023
      177.38        59.81         4.93         0.2030
      180.13        59.87         4.53         0.2208
      182.88        59.93         2.96         0.3375
      185.63        59.97         2.86         0.3493
      188.38        59.99         2.83         0.3535
      191.13        59.99         2.81         0.3556
      193.88        59.99         2.80         0.3569
      196.63        59.99         2.80         0.3575
      199.38        60.05         2.80         0.3574
      202.13        60.27         2.81         0.3565
      204.88        60.58         2.83         0.3540
      207.63        61.00         3.20         0.3127
      210.38        61.47         3.88         0.2577
      213.13        61.95         3.95         0.2534
      215.88        62.39         3.97         0.2520
      218.63        62.80         3.98         0.2514
      221.38        63.30         3.98         0.2513
      224.13        63.92         3.97         0.2517
      226.88        64.36         3.95         0.2532
      229.63        64.47         3.90         0.2563
      232.38        64.47         3.87         0.2582
      235.13        64.47         3.85         0.2596
      237.88        64.47         3.83         0.2609
      240.63        64.49         3.81         0.2623
      243.38        64.55         3.78         0.2646
      246.13        64.63         3.72         0.2690
      248.88        64.73         3.65         0.2736
      251.63        64.92         3.58         0.2792
      254.38        65.16         3.45         0.2900
      257.13        65.32         3.22         0.3103
      259.88        65.39         3.21         0.3117
      262.63        65.47         3.20         0.3121
      265.38        65.57         3.20         0.3121
      268.13        65.74         3.20         0.3123
      270.88        66.02         3.20         0.3126
       37.12        41.58         5.50         0.1818
       39.87        41.88         5.06         0.1975
       42.62        42.18         4.96         0.2015
       45.37        42.48         4.59         0.2181
       48.12        42.78         4.56         0.2193
       50.87        43.08         4.55         0.2199
       53.62        43.72         4.54         0.2203
       56.37        44.72         4.53         0.2207
       59.12        45.74         4.51         0.2218
       61.87        46.75         4.03         0.2482
       64.63        47.75         2.79         0.3583
       67.38        48.71         2.77         0.3613
       70.13        49.29         2.76         0.3625
       72.88        49.54         2.75         0.3634
       75.63        49.79         2.74         0.3647
       78.38        50.03         2.71         0.3693
       81.13        50.28         2.49         0.4010
       83.88        50.53         2.47         0.4050
       86.63        50.77         2.46         0.4062
       89.38        51.02         2.46         0.4060
       92.13        51.26         2.47         0.4047
       94.88        51.50         2.99         0.3348
       97.63        51.70         4.60         0.2174
      100.38        51.83         4.62         0.2163
      103.13        51.92         4.63         0.2160
      105.88        52.01         4.62         0.2163
      108.63        52.10         4.60         0.2173
      111.38        52.19         2.56         0.3914
      114.13        52.26         1.99         0.5023
      116.88        52.33         1.53         0.6523
      119.63        52.39         1.36         0.7364
      122.38        52.45         1.32         0.7564
      125.13        52.51         1.32         0.7605
      127.88        52.57         1.31         0.7628
      130.63        52.64         1.31         0.7639
      133.38        52.81         1.31         0.7645
      136.13        53.04         1.31         0.7634
      138.88        53.28         1.31         0.7610
      141.63        53.51         1.32         0.7564
      144.38        53.74         1.38         0.7246
      147.13        53.97         1.60         0.6250
      149.88        54.21         1.94         0.5157
      152.63        54.43         2.31         0.4327
      155.38        54.66         2.68         0.3727
      158.13        54.89         2.90         0.3444
      160.88        55.11         2.97         0.3369
      163.63        55.34         2.98         0.3350
      166.38        55.56         3.00         0.3338
      169.13        55.72         3.00         0.3332
      171.88        55.80         3.00         0.3331
      174.63        55.86         3.00         0.3336
      177.38        55.91         2.99         0.3347
      180.13        55.97         2.97         0.3370
      182.88        56.02         2.92         0.3429
      185.63        56.06         2.86         0.3500
      188.38        56.08         2.82         0.3544
      191.13        56.08         2.81         0.3565
      193.88        56.08         2.80         0.3577
      196.63        56.08         2.79         0.3582
      199.38        56.14         2.79         0.3580
      202.13        56.34         2.80         0.3573
      204.88        56.63         2.82         0.3551
      207.63        57.02         3.13         0.3195
      210.38        57.46         3.58         0.2794
      213.13        57.90         3.79         0.2641
      215.88        58.31         3.84         0.2607
      218.63        58.69         3.86         0.2589
      221.38        59.16         3.88         0.2579
      224.13        59.73         3.88         0.2575
      226.88        60.12         3.88         0.2575
      229.63        60.23         3.88         0.2581
      232.38        60.23         3.86         0.2591
      235.13        60.23         3.84         0.2603
      237.88        60.23         3.82         0.2618
      240.63        60.25         3.80         0.2635
      243.38        60.30         3.76         0.2662
      246.13        60.37         3.63         0.2757
      248.88        60.46         3.52         0.2844
      251.63        60.63         3.39         0.2951
      254.38        60.85         3.22         0.3108
      257.13        60.99         3.13         0.3190
      259.88        61.06         3.08         0.3246
      262.63        61.13         3.05         0.3281
      265.38        61.22         3.02         0.3313
       42.62        38.59         5.37         0.1862
       45.37        38.88         3.30         0.3035
       48.12        39.17         2.98         0.3358
       50.87        39.45         2.88         0.3466
       53.62        40.06         2.86         0.3499
       56.37        41.02         2.79         0.3583
       59.12        42.00         2.61         0.3834
       61.87        42.97         2.51         0.3989
       64.63        43.93         2.46         0.4062
       67.38        44.84         2.45         0.4083
       70.13        45.39         2.45         0.4088
       72.88        45.63         2.45         0.4083
       75.63        45.87         2.46         0.4060
       78.38        46.10         2.49         0.4019
       81.13        46.34         2.49         0.4013
       83.88        46.57         2.49         0.4011
       86.63        46.80         2.50         0.4003
       89.38        47.03         2.51         0.3987
       92.13        47.26         2.57         0.3887
       94.88        47.49         2.98         0.3352
       97.63        47.68         3.03         0.3306
      100.38        47.80         3.04         0.3293
      103.13        47.88         3.04         0.3289
      105.88        47.97         3.04         0.3293
      108.63        48.05         3.03         0.3305
      111.38        48.14         2.57         0.3894
      114.13        48.21         2.00         0.5013
      116.88        48.27         1.53         0.6519
      119.63        48.33         1.36         0.7358
      122.38        48.39         1.32         0.7570
      125.13        48.44         1.32         0.7605
      127.88        48.50         1.31         0.7628
      130.63        48.57         1.31         0.7639
      133.38        48.73         1.31         0.7645
      136.13        48.95         1.31         0.7634
      138.88        49.17         1.31         0.7610
      141.63        49.39         1.32         0.7570
      144.38        49.61         1.38         0.7262
      147.13        49.82         1.60         0.6270
      149.88        50.04         1.93         0.5176
      152.63        50.25         2.30         0.4344
      155.38        50.47         2.67         0.3741
      158.13        50.68         2.89         0.3458
      160.88        50.89         2.95         0.3389
      163.63        51.10         2.96         0.3374
      166.38        51.31         2.97         0.3365
      169.13        51.46         2.98         0.3360
      171.88        51.53         2.98         0.3360
      174.63        51.59         2.97         0.3366
      177.38        51.64         2.96         0.3375
      180.13        51.69         2.95         0.3394
      182.88        51.74         2.91         0.3436
      185.63        51.78         2.86         0.3497
      188.38        51.79         2.83         0.3535
      191.13        51.79         2.81         0.3555
      193.88        51.79         2.80         0.3566
      196.63        51.79         2.80         0.3570
      199.38        51.85         2.80         0.3570
      202.13        52.03         2.81         0.3563
      204.88        52.31         2.82         0.3542
      207.63        52.66         3.13         0.3199
      210.38        53.07         3.56         0.2806
      213.13        53.48         3.77         0.2653
      215.88        53.85         3.82         0.2621
      218.63        54.20         3.84         0.2603
      221.38        54.63         3.86         0.2593
      224.13        55.15         3.86         0.2588
      226.88        55.51         3.87         0.2587
      229.63        55.60         3.86         0.2589
      232.38        55.60         3.85         0.2595
      235.13        55.60         3.84         0.2606
      237.88        55.60         3.81         0.2623
      240.63        55.62         3.79         0.2641
      243.38        55.67         3.75         0.2670
      246.13        55.73         3.49         0.2869
      248.88        55.81         3.28         0.3052
      251.63        55.97         3.15         0.3171
      254.38        56.16         3.08         0.3249
      257.13        56.29         3.04         0.3294
      259.88        56.35         2.99         0.3340
       50.87        35.40         0.96           1.04
       53.62        35.99         0.88           1.13
       56.37        36.90         0.84           1.19
       59.12        37.84         0.83           1.21
       61.87        38.76         0.82           1.21
       64.63        39.67         0.82           1.22
       67.38        40.54         0.82           1.22
       70.13        41.06         0.85           1.17
       72.88        41.29         1.77         0.5656
       75.63        41.51         2.38         0.4195
       78.38        41.73         2.48         0.4027
       81.13        41.95         2.50         0.4003
       83.88        42.17         2.51         0.3984
       86.63        42.39         2.53         0.3959
       89.38        42.61         2.57         0.3890
       92.13        42.83         2.72         0.3678
       94.88        43.04         2.98         0.3357
       97.63        43.22         3.00         0.3331
      100.38        43.33         3.01         0.3322
      103.13        43.41         3.01         0.3320
      105.88        43.49         3.01         0.3323
      108.63        43.57         3.00         0.3333
      111.38        43.65         2.58         0.3870
      114.13        43.72         2.01         0.4985
      116.88        43.78         1.54         0.6481
      119.63        43.83         1.37         0.7321
      122.38        43.88         1.33         0.7530
      125.13        43.93         1.32         0.7570
      127.88        43.99         1.32         0.7587
      130.63        44.05         1.32         0.7599
      133.38        44.20         1.32         0.7599
      136.13        44.41         1.32         0.7593
      138.88        44.61         1.32         0.7570
      141.63        44.82         1.33         0.7530
      144.38        45.02         1.38         0.7236
      147.13        45.23         1.60         0.6254
      149.88        45.43         1.93         0.5168
      152.63        45.63         2.30         0.4340
      155.38        45.83         2.68         0.3737
      158.13        46.02         2.89         0.3457
      160.88        46.22         2.95         0.3391
      163.63        46.41         2.96         0.3377
      166.38        46.61         2.97         0.3370
      169.13        46.74         2.97         0.3367
      171.88        46.81         2.97         0.3367
      174.63        46.86         2.97         0.3372
      177.38        46.91         2.96         0.3380
      180.13        46.95         2.94         0.3396
      182.88        47.00         2.92         0.3429
      185.63        47.04         2.88         0.3475
      188.38        47.05         2.85         0.3504
      191.13        47.05         2.84         0.3519
      193.88        47.05         2.84         0.3527
      196.63        47.05         2.83         0.3530
      199.38        47.10         2.83         0.3529
      202.13        47.27         2.84         0.3522
      204.88        47.52         2.85         0.3505
      207.63        47.85         3.14         0.3186
      210.38        48.23         3.57         0.2803
      213.13        48.60         3.77         0.2653
      215.88        48.94         3.82         0.2621
      218.63        49.26         3.84         0.2605
      221.38        49.64         3.85         0.2595
      224.13        50.11         3.86         0.2591
      226.88        50.43         3.86         0.2589
      229.63        50.52         3.86         0.2590
      232.38        50.52         3.85         0.2595
      235.13        50.52         3.84         0.2604
      237.88        50.52         3.81         0.2626
      240.63        50.53         3.78         0.2645
      243.38        50.58         3.74         0.2670
      246.13        50.63         3.38         0.2959
      248.88        50.71         3.22         0.3107
      251.63        50.84         3.01         0.3321
       59.12        33.17         0.39           2.56
       61.87        34.05         0.39           2.56
       64.63        34.91         0.39           2.55
       67.38        35.72         0.39           2.54
       70.13        36.22         0.85           1.18
       72.88        36.43         1.77         0.5663
       75.63        36.64         2.38         0.4202
       78.38        36.85         2.49         0.4016
       81.13        37.05         2.52         0.3973
       83.88        37.26         2.54         0.3931
       86.63        37.47         2.59         0.3862
       89.38        37.67         2.69         0.3723
       92.13        37.87         2.85         0.3510
       94.88        38.07         2.98         0.3353
       97.63        38.24         3.00         0.3334
      100.38        38.34         3.01         0.3326
      103.13        38.42         3.01         0.3323
      105.88        38.49         3.01         0.3327
      108.63        38.57         3.00         0.3337
      111.38        38.64         2.64         0.3792
      114.13        38.71         2.24         0.4464
      116.88        38.76         1.95         0.5139
      119.63        38.81         1.81         0.5519
      122.38        38.86         1.78         0.5615
      125.13        38.91         1.77         0.5634
      127.88        38.95         1.77         0.5647
      130.63        39.02         1.77         0.5653
      133.38        39.15         1.77         0.5656
      136.13        39.34         1.77         0.5650
      138.88        39.54         1.77         0.5643
      141.63        39.73         1.78         0.5624
      144.38        39.92         1.79         0.5596
      147.13        40.10         1.83         0.5456
      149.88        40.29         1.99         0.5023
      152.63        40.47         2.32         0.4314
      155.38        40.66         2.69         0.3715
      158.13        40.84         2.91         0.3439
      160.88        41.02         2.96         0.3377
      163.63        41.20         2.97         0.3366
      166.38        41.37         2.98         0.3359
      169.13        41.50         2.98         0.3356
      171.88        41.56         2.98         0.3356
      174.63        41.61         2.98         0.3359
      177.38        41.65         2.97         0.3366
      180.13        41.69         2.96         0.3375
      182.88        41.74         2.95         0.3386
      185.63        41.77         2.95         0.3394
      188.38        41.78         2.94         0.3400
      191.13        41.78         2.94         0.3404
      193.88        41.78         2.94         0.3405
      196.63        41.78         2.94         0.3403
      199.38        41.83         2.94         0.3398
      202.13        41.98         2.95         0.3389
      204.88        42.21         2.97         0.3362
      207.63        42.51         3.19         0.3139
      210.38        42.86         3.58         0.2790
      213.13        43.19         3.78         0.2643
      215.88        43.50         3.83         0.2612
      218.63        43.78         3.85         0.2597
      221.38        44.13         3.86         0.2589
      224.13        44.54         3.87         0.2585
      226.88        44.83         3.87         0.2583
      229.63        44.90         3.87         0.2584
      232.38        44.90         3.86         0.2589
      235.13        44.90         3.85         0.2599
      237.88        44.90         3.80         0.2632
      240.63        44.92         3.78         0.2646
      243.38        44.95         3.75         0.2665
      246.13        45.00         3.17         0.3157
       67.38        30.63         0.39           2.57
       70.13        31.08         0.85           1.17
       72.88        31.27         1.77         0.5634
       75.63        31.46         2.39         0.4186
       78.38        31.65         2.51         0.3986
       81.13        31.84         2.64         0.3782
       83.88        32.02         2.76         0.3618
       86.63        32.20         2.86         0.3493
       89.38        32.39         2.93         0.3415
       92.13        32.57         2.97         0.3367
       94.88        32.75         3.00         0.3333
       97.63        32.90         3.01         0.3318
      100.38        32.99         3.02         0.3309
      103.13        33.06         3.03         0.3306
      105.88        33.12         3.02         0.3307
      108.63        33.19         3.02         0.3309
      111.38        33.26         3.02         0.3316
      114.13        33.32         3.01         0.3321
      116.88        33.36         3.01         0.3328
      119.63        33.41         3.00         0.3334
      122.38        33.45         2.99         0.3339
      125.13        33.49         2.99         0.3343
      127.88        33.54         2.99         0.3346
      130.63        33.59         2.99         0.3348
      133.38        33.71         2.99         0.3348
      136.13        33.88         2.99         0.3348
      138.88        34.05         2.99         0.3346
      141.63        34.22         2.99         0.3342
      144.38        34.39         2.99         0.3339
      147.13        34.55         3.00         0.3333
      149.88        34.72         3.01         0.3328
      152.63        34.88         3.01         0.3321
      155.38        35.04         3.02         0.3316
      158.13        35.20         3.02         0.3309
      160.88        35.36         3.03         0.3304
      163.63        35.51         3.03         0.3298
      166.38        35.67         3.04         0.3294
      169.13        35.78         3.04         0.3291
      171.88        35.83         3.04         0.3287
      174.63        35.87         3.05         0.3284
      177.38        35.91         3.05         0.3282
      180.13        35.95         3.05         0.3279
      182.88        35.98         3.05         0.3275
      185.63        36.01         3.06         0.3272
      188.38        36.02         3.06         0.3267
      191.13        36.02         3.07         0.3262
      193.88        36.02         3.07         0.3254
      196.63        36.02         3.08         0.3245
      199.38        36.06         3.09         0.3233
      202.13        36.20         3.11         0.3218
      204.88        36.40         3.14         0.3180
      207.63        36.65         3.30         0.3035
      210.38        36.95         3.61         0.2767
      213.13        37.23         3.81         0.2624
      215.88        37.49         3.86         0.2589
      218.63        37.73         3.88         0.2577
      221.38        38.02         3.89         0.2569
      224.13        38.36         3.90         0.2566
      226.88        38.60         3.90         0.2565
      229.63        38.66         3.90         0.2567
      232.38        38.66         3.89         0.2571
      235.13        38.66         3.88         0.2579
      237.88        38.66         3.78         0.2646
      119.63        27.47         4.49         0.2230
      122.38        27.51         3.44         0.2903
      125.13        27.55         3.36         0.2975
      127.88        27.59         3.32         0.3009
      130.63        27.64         3.30         0.3033
      133.38        27.75         3.27         0.3061
      136.13        27.90         3.25         0.3080
      138.88        28.06         3.23         0.3095
      141.63        28.21         3.22         0.3108
      144.38        28.36         3.21         0.3118
      147.13        28.51         3.20         0.3127
      149.88        28.66         3.19         0.3136
      152.63        28.81         3.18         0.3146
      155.38        28.95         3.17         0.3154
      158.13        29.10         3.16         0.3162
      160.88        29.24         3.16         0.3169
      163.63        29.38         3.15         0.3177
      166.38        29.52         3.14         0.3183
      169.13        29.62         3.14         0.3189
      171.88        29.67         3.13         0.3193
      174.63        29.70         3.13         0.3197
      177.38        29.74         3.13         0.3200
      180.13        29.77         3.12         0.3201
      182.88        29.80         3.12         0.3201
      185.63        29.83         3.13         0.3200
      188.38        29.83         3.13         0.3198
      191.13        29.83         3.13         0.3194
      193.88        29.83         3.14         0.3189
      196.63        29.83         3.14         0.3183
      199.38        29.87         3.15         0.3175
      202.13        29.99         3.16         0.3163
      204.88        30.17         3.19         0.3133
      207.63        30.40         3.35         0.2990
      210.38        30.66         3.64         0.2746
      213.13        30.91         3.85         0.2595
      215.88        31.14         4.12         0.2425
      218.63        31.35         4.29         0.2331
      221.38        31.60         4.65         0.2151
      224.13        31.90         5.30         0.1886
      226.88        32.10         6.22         0.1608
