        8.25        59.97         8.82         0.1134
       13.75        60.65         4.16         0.2402
       19.25        61.40         2.70         0.3706
       24.75        62.42         2.67         0.3743
       30.25        63.45         4.09         0.2446
       35.75        64.48        13.77         0.0726
       41.25        65.76        22.77         0.0439
       46.75        67.45        21.95         0.0456
       52.25        69.28       141.25       0.007080
       57.75        71.10        81.72         0.0122
       63.25        72.37        34.55         0.0289
       68.75        72.96        39.09         0.0256
       74.25        73.42        23.50         0.0426
       79.75        73.88        14.21         0.0704
       85.25        74.35        21.97         0.0455
       90.75        74.81        20.36         0.0491
       96.25        75.27        32.82         0.0305
      101.75        75.73        28.68         0.0349
      107.25        76.19        20.36         0.0491
      112.75        76.65        33.01         0.0303
      118.25        76.92        33.00         0.0303
      123.75        77.18        18.10         0.0552
      129.25        77.45        15.59         0.0641
      134.75        77.54        13.54         0.0739
      140.25        77.63         6.73         0.1486
      145.75        77.73         5.14         0.1944
      151.25        77.82         8.20         0.1220
      156.75        77.91        17.04         0.0587
      162.25        78.00        20.87         0.0479
      167.75        78.40        20.64         0.0484
      173.25        79.73        17.16         0.0583
      178.75        82.37        17.99         0.0556
      184.25        84.08        31.35         0.0319
      189.75        85.05        32.43         0.0308
      195.25        86.77        60.82         0.0164
      200.75        87.65        66.09         0.0151
      206.25        87.80        32.06         0.0312
      211.75        87.86        38.72         0.0258
      217.25        87.86        30.32         0.0330
      222.75        87.86        38.97         0.0257
      228.25        87.79        46.53         0.0215
      233.75        87.63        54.89         0.0182
      239.25        87.45        46.89         0.0213
        8.25        56.66         6.34         0.1578
       13.75        57.31         3.45         0.2899
       19.25        58.03         2.84         0.3526
       24.75        59.02         2.85         0.3515
       30.25        60.00         3.90         0.2566
       35.75        60.98         1.11         0.8993
       41.25        62.21         2.26         0.4427
       46.75        63.81        37.29         0.0268
       52.25        65.55         9.77         0.1024
       57.75        67.27        19.61         0.0510
       63.25        68.47        27.81         0.0360
       68.75        69.02         5.76         0.1736
       74.25        69.45         1.85         0.5411
       79.75        69.89         6.44         0.1553
       85.25        70.32         1.38         0.7262
       90.75        70.75         2.32         0.4314
       96.25        71.18         1.08         0.9242
      101.75        71.61         1.65         0.6046
      107.25        72.04         2.41         0.4153
      112.75        72.47         1.34         0.7457
      118.25        72.71         0.97           1.03
      123.75        72.95         1.68         0.5942
      129.25        73.20         1.57         0.6378
      134.75        73.29         0.68           1.48
      140.25        73.37         1.73         0.5787
      145.75        73.46         2.31         0.4335
      151.25        73.54         1.24         0.8065
      156.75        73.62         0.66           1.52
      162.25        73.71         1.31         0.7639
      167.75        74.08         1.10         0.9099
      173.25        75.29        16.46         0.0608
      178.75        77.68        34.70         0.0288
      184.25        79.22        13.81         0.0724
      189.75        80.08        49.88         0.0200
      195.25        81.58       109.71       0.009115
      200.75        82.35        14.31         0.0699
      206.25        82.48       102.12       0.009792
      211.75        82.53        15.99         0.0625
      217.25        82.53        68.84         0.0145
      222.75        82.53        23.05         0.0434
      228.25        82.47       140.61       0.007112
      233.75        82.33        21.11         0.0474
      239.25        82.18        36.08         0.0277
       13.75        53.77         0.48           2.07
       19.25        54.46         4.61         0.2172
       24.75        55.40         3.11         0.3215
       30.25        56.34         2.01         0.4970
       35.75        57.28         5.55         0.1803
       41.25        58.45         4.36         0.2291
       46.75        59.97         4.42         0.2263
       52.25        61.61       130.66       0.007653
       57.75        63.24        34.46         0.0290
       63.25        64.36         8.67         0.1153
       68.75        64.87         1.57         0.6386
       74.25        65.28        21.56         0.0464
       79.75        65.68         1.81         0.5519
       85.25        66.09        21.18         0.0472
       90.75        66.49        21.04         0.0475
       96.25        66.89        12.47         0.0802
      101.75        67.29        11.19         0.0894
      107.25        67.68         4.17         0.2396
      112.75        68.08         4.39         0.2279
      118.25        68.30         4.38         0.2282
      123.75        68.53        47.22         0.0212
      129.25        68.75        48.45         0.0206
      134.75        68.83        48.08         0.0208
      140.25        68.91         5.93         0.1688
      145.75        68.99         4.34         0.2307
      151.25        69.06        22.40         0.0446
      156.75        69.14        22.28         0.0449
      162.25        69.22        21.95         0.0456
      167.75        69.56         8.65         0.1156
      173.25        70.66         3.55         0.2817
      178.75        72.81         4.59         0.2180
      184.25        74.19         2.15         0.4655
      189.75        74.94         1.16         0.8584
      195.25        76.25         0.82           1.21
      200.75        76.90         0.83           1.20
      206.25        77.01         7.81         0.1280
      211.75        77.06         7.07         0.1415
      217.25        77.06        12.70         0.0787
      222.75        77.06        15.87         0.0630
      228.25        77.01        15.90         0.0629
      233.75        76.89        14.90         0.0671
       19.25        50.45        13.55         0.0738
       24.75        51.35         3.21         0.3118
       30.25        52.24         1.77         0.5643
       35.75        53.13         5.47         0.1830
       41.25        54.24         5.49         0.1821
       46.75        55.67         2.01         0.4973
       52.25        57.22         0.72           1.38
       57.75        58.74         0.68           1.47
       63.25        59.78         0.68           1.46
       68.75        60.26         1.21         0.8271
       74.25        60.64        21.59         0.0463
       79.75        61.01         1.36         0.7337
       85.25        61.38         1.45         0.6911
       90.75        61.75         1.45         0.6878
       96.25        62.12         1.49         0.6716
      101.75        62.49         1.52         0.6592
      107.25        62.85         2.45         0.4080
      112.75        63.21         3.90         0.2563
      118.25        63.42         3.01         0.3324
      123.75        63.62         1.63         0.6131
      129.25        63.83         1.07         0.9311
      134.75        63.90         0.44           2.28
      140.25        63.97         0.41           2.46
      145.75        64.04         0.41           2.46
      151.25        64.11        18.91         0.0529
      156.75        64.18        20.15         0.0496
      162.25        64.25        20.06         0.0499
      167.75        64.56         5.69         0.1759
      173.25        65.56         2.73         0.3659
      178.75        67.47         4.47         0.2239
      184.25        68.69        17.31         0.0578
      189.75        69.33        24.03         0.0416
      195.25        70.45        23.94         0.0418
      200.75        71.00        22.90         0.0437
      206.25        71.09        16.29         0.0614
      211.75        71.13        11.90         0.0840
      217.25        71.13        12.65         0.0791
      222.75        71.13        15.66         0.0639
      228.25        71.09         0.64           1.57
       24.75        46.87        10.42         0.0960
       30.25        47.72         0.86           1.16
       35.75        48.56         0.87           1.15
       41.25        49.60         4.92         0.2031
       46.75        50.95         7.37         0.1357
       52.25        52.39         8.47         0.1181
       57.75        53.81        12.07         0.0829
       63.25        54.77        12.42         0.0805
       68.75        55.22        12.57         0.0796
       74.25        55.56        17.14         0.0583
       79.75        55.91         1.35         0.7424
       85.25        56.25         1.35         0.7413
       90.75        56.59         1.35         0.7407
       96.25        56.92         1.35         0.7402
      101.75        57.25         1.51         0.6640
      107.25        57.59         1.85         0.5414
      112.75        57.91         2.06         0.4866
      118.25        58.10         2.05         0.4885
      123.75        58.29         1.62         0.6188
      129.25        58.47         0.85           1.18
      134.75        58.54         0.41           2.43
      140.25        58.60         0.41           2.47
      145.75        58.66         0.41           2.45
      151.25        58.73         0.96           1.04
      156.75        58.79         2.33         0.4292
      162.25        58.86         2.45         0.4080
      167.75        59.13         2.43         0.4112
      173.25        60.02         2.41         0.4141
      178.75        61.70         4.43         0.2255
      184.25        62.77        17.13         0.0584
      189.75        63.31        22.25         0.0449
      195.25        64.25        22.11         0.0452
      200.75        64.71        20.38         0.0491
      206.25        64.78        13.04         0.0767
      211.75        64.82         6.26         0.1598
      217.25        64.82         5.97         0.1675
      222.75        64.82         5.84         0.1712
       35.75        43.53         0.65           1.53
       41.25        44.50         0.66           1.52
       46.75        45.76         1.33         0.7536
       52.25        47.10         6.11         0.1637
       57.75        48.41         6.19         0.1616
       63.25        49.30         6.15         0.1625
       68.75        49.70         6.00         0.1667
       74.25        50.02         2.94         0.3405
       79.75        50.33         1.35         0.7402
       85.25        50.64         1.35         0.7402
       90.75        50.95         1.35         0.7386
       96.25        51.26         1.37         0.7321
      101.75        51.56         1.54         0.6489
      107.25        51.86         1.85         0.5420
      112.75        52.15         1.86         0.5365
      118.25        52.32         1.86         0.5373
      123.75        52.48         1.64         0.6079
      129.25        52.65         0.86           1.17
      134.75        52.71         0.49           2.04
      140.25        52.77         0.42           2.37
      145.75        52.82         0.42           2.37
      151.25        52.88         0.96           1.04
      156.75        52.94         2.32         0.4318
      162.25        52.99         2.45         0.4088
      167.75        53.24         2.43         0.4110
      173.25        54.03         2.42         0.4131
      178.75        55.49         2.89         0.3459
      184.25        56.40         3.29         0.3039
      189.75        56.86         3.64         0.2745
      195.25        57.63         3.72         0.2690
      200.75        58.00         3.82         0.2616
      206.25        58.06         3.92         0.2549
      211.75        58.09         4.14         0.2414
       46.75        39.91         0.64           1.56
       52.25        41.15         0.65           1.54
       57.75        42.34         0.72           1.39
       63.25        43.15         1.40         0.7128
       68.75        43.52         1.44         0.6964
       74.25        43.80         1.47         0.6803
       79.75        44.09         1.47         0.6821
       85.25        44.37         1.48         0.6775
       90.75        44.64         1.53         0.6515
       96.25        44.92         1.58         0.6313
      101.75        45.18         1.64         0.6109
      107.25        45.45         1.85         0.5402
      112.75        45.71         1.86         0.5368
      118.25        45.86         1.86         0.5376
      123.75        46.01         1.71         0.5855
      129.25        46.16         1.56         0.6418
      134.75        46.21         1.53         0.6549
      140.25        46.26         1.52         0.6566
      145.75        46.31         1.53         0.6553
      151.25        46.36         1.74         0.5750
      156.75        46.41         2.34         0.4281
      162.25        46.46         2.59         0.3867
      167.75        46.67         2.65         0.3774
      173.25        47.36         2.69         0.3712
      178.75        48.61         2.91         0.3441
      184.25        49.38         3.28         0.3045
      189.75        49.76         3.60         0.2777
      195.25        50.37         3.63         0.2751
      200.75        50.66         3.67         0.2727
       57.75        35.80         0.65           1.55
       63.25        36.49         1.25         0.7994
       68.75        36.81         1.50         0.6676
       74.25        37.05         1.54         0.6489
       79.75        37.29         1.79         0.5593
       85.25        37.53         1.86         0.5391
       90.75        37.76         1.97         0.5081
       96.25        37.99         2.24         0.4470
      101.75        38.21         2.37         0.4212
      107.25        38.43         2.46         0.4067
      112.75        38.65         2.52         0.3970
      118.25        38.78         2.56         0.3906
      123.75        38.89         2.59         0.3862
      129.25        39.02         2.61         0.3830
      134.75        39.06         2.64         0.3792
      140.25        39.10         2.73         0.3666
      145.75        39.14         3.00         0.3336
      151.25        39.18         3.54         0.2826
      156.75        39.22         4.11         0.2435
      162.25        39.26         4.13         0.2420
      167.75        39.44         4.10         0.2437
      173.25        39.99         3.97         0.2520
      178.75        40.96         3.84         0.2601
      184.25        41.55         3.74         0.2674
      189.75        41.82         3.65         0.2739
       68.75        29.55         2.97         0.3367
       74.25        29.76         2.65         0.3766
       79.75        29.97         2.65         0.3768
       85.25        30.18         2.66         0.3759
       90.75        30.38         2.69         0.3719
       96.25        30.58         2.81         0.3559
      101.75        30.77         2.90         0.3447
      107.25        30.97         2.98         0.3350
      112.75        31.15         3.08         0.3246
      118.25        31.26         3.16         0.3161
      123.75        31.36         3.25         0.3081
      129.25        31.47         3.33         0.3007
      134.75        31.50         3.45         0.2896
      140.25        31.54         3.70         0.2706
      145.75        31.57         4.31         0.2318
      151.25        31.61         5.77         0.1733
      156.75        31.64         9.19         0.1088
      162.25        31.68        10.69         0.0935
      167.75        31.83        12.30         0.0813
      173.25        32.29        14.63         0.0684
      178.75        33.09        19.49         0.0513
