        6.87        66.17        22.13         0.0452
        9.62        66.17        38.93         0.0257
       12.37        66.17        28.60         0.0350
       15.12        66.17        22.51         0.0444
       17.87        66.44        17.00         0.0588
       20.62        67.33        51.11         0.0196
       23.37        68.55        44.16         0.0226
       26.12        69.76        42.81         0.0234
       28.87        70.98        42.10         0.0238
       31.62        72.19        35.93         0.0278
       34.37        73.41        68.06         0.0147
       37.12        74.12        17.35         0.0576
       39.87        74.29       144.05       0.006942
       42.62        74.42        23.80         0.0420
       45.37        74.54        88.69         0.0113
       48.12        74.56        33.09         0.0302
       50.87        74.40        73.65         0.0136
       53.62        74.16        77.16         0.0130
       56.37        73.91        40.13         0.0249
       59.12        73.67        65.54         0.0153
       61.87        73.43         3.65         0.2740
       64.63        73.18       173.23       0.005773
       67.38        73.18        41.35         0.0242
       70.13        73.43        75.66         0.0132
       72.88        73.67        39.58         0.0253
       75.63        73.91        66.13         0.0151
       78.38        74.16        75.08         0.0133
       81.13        74.40        21.64         0.0462
       83.88        74.64        31.40         0.0318
       86.63        74.89        31.34         0.0319
       89.38        75.13        79.12         0.0126
       92.13        75.10        18.58         0.0538
       94.88        74.76        75.11         0.0133
       97.63        74.39        60.23         0.0166
      100.38        74.03        99.27         0.0101
      103.13        73.66         4.78         0.2091
      105.88        73.30        25.90         0.0386
      108.63        72.93        25.91         0.0386
      111.38        72.57         9.97         0.1004
      114.13        72.48        21.89         0.0457
      116.88        72.70        12.24         0.0817
      119.63        72.94       122.41       0.008169
      122.38        73.18        99.29         0.0101
      125.13        73.43       231.34       0.004323
      127.88        73.67        51.13         0.0196
      130.63        73.91       104.71       0.009550
      133.38        74.45        18.62         0.0537
      136.13        76.05       359.05       0.002785
      138.88        78.42       115.65       0.008647
      141.63        80.79        55.43         0.0180
      144.38        83.14       104.52       0.009568
      147.13        85.47         6.36         0.1573
      149.88        87.05       134.90       0.007413
      152.63        86.99         4.52         0.2211
      155.38        86.05       175.34       0.005703
      158.13        85.11        28.42         0.0352
      160.88        84.16        33.36         0.0300
      163.63        83.21       831.30       0.001203
      166.38        82.73       435.88       0.002294
      169.13        82.73       161.62       0.006187
      171.88        82.73        27.49         0.0364
      174.63        82.73        27.63         0.0362
      177.38        83.03        21.84         0.0458
      180.13        83.63        48.02         0.0208
      182.88        84.22       213.34       0.004687
      185.63        84.71        18.63         0.0537
      188.38        84.90       360.79       0.002772
      191.13        84.90        24.92         0.0401
      193.88        84.90        21.69         0.0461
      196.63        84.90       142.60       0.007013
      199.38        84.67         2.22         0.4509
      202.13        84.09       111.80       0.008945
      204.88        83.37        20.04         0.0499
      207.63        82.66        76.91         0.0130
        6.87        64.49        10.41         0.0961
        9.62        64.49        38.44         0.0260
       12.37        64.49        28.47         0.0351
       15.12        64.49        17.23         0.0580
       17.87        64.76        17.04         0.0587
       20.62        65.62        50.96         0.0196
       23.37        66.80        44.70         0.0224
       26.12        67.98        42.74         0.0234
       28.87        69.16        58.11         0.0172
       31.62        70.33        59.18         0.0169
       34.37        71.50        60.38         0.0166
       37.12        72.19        21.48         0.0466
       39.87        72.35        46.17         0.0217
       42.62        72.47        33.15         0.0302
       45.37        72.59        33.19         0.0301
       48.12        72.61        32.80         0.0305
       50.87        72.46        25.58         0.0391
       53.62        72.22        19.60         0.0510
       56.37        71.99        69.06         0.0145
       59.12        71.75        69.70         0.0143
       61.87        71.52        65.73         0.0152
       64.63        71.28        65.56         0.0153
       67.38        71.28        16.14         0.0620
       70.13        71.52        16.49         0.0606
       72.88        71.75        16.55         0.0604
       75.63        71.99        16.67         0.0600
       78.38        72.22        16.31         0.0613
       81.13        72.46        11.40         0.0877
       83.88        72.69        17.06         0.0586
       86.63        72.92        17.11         0.0584
       89.38        73.16        23.43         0.0427
       92.13        73.12        16.95         0.0590
       94.88        72.80        20.51         0.0488
       97.63        72.45        20.57         0.0486
      100.38        72.10         5.19         0.1925
      103.13        71.75         5.15         0.1942
      105.88        71.40         5.13         0.1949
      108.63        71.05         2.02         0.4960
      111.38        70.69         9.93         0.1008
      114.13        70.61        10.02         0.0998
      116.88        70.82        12.24         0.0817
      119.63        71.05       120.64       0.008289
      122.38        71.29        10.21         0.0979
      125.13        71.52         9.23         0.1083
      127.88        71.75         9.24         0.1082
      130.63        71.99        82.36         0.0121
      133.38        72.50        77.99         0.0128
      136.13        74.04        94.05         0.0106
      138.88        76.30       115.59       0.008651
      141.63        78.53        83.17         0.0120
      144.38        80.73       170.46       0.005866
      147.13        82.89       162.16       0.006167
      149.88        84.32       580.87       0.001722
      152.63        84.27       910.63       0.001098
      155.38        83.42       356.66       0.002804
      158.13        82.56        54.53         0.0183
      160.88        81.68        30.96         0.0323
      163.63        80.80        21.28         0.0470
      166.38        80.36        28.19         0.0355
      169.13        80.36        10.26         0.0975
      171.88        80.36         7.37         0.1356
      174.63        80.36       641.36       0.001559
      177.38        80.64       640.63       0.001561
      180.13        81.19         2.57         0.3888
      182.88        81.74       164.19       0.006091
      185.63        82.19       142.32       0.007026
      188.38        82.36        47.56         0.0210
      191.13        82.36        41.01         0.0244
      193.88        82.36        83.11         0.0120
      196.63        82.36      1639.50       0.000610
      199.38        82.16      2181.30       0.000458
      202.13        81.62      1661.70       0.000602
      204.88        80.96        13.54         0.0739
      207.63        80.29        37.53         0.0266
        6.87        62.71         5.24         0.1910
        9.62        62.71         7.57         0.1321
       12.37        62.71         7.55         0.1325
       15.12        62.71         7.55         0.1325
       17.87        62.98         7.96         0.1256
       20.62        63.81        45.45         0.0220
       23.37        64.96        44.77         0.0223
       26.12        66.11        27.11         0.0369
       28.87        67.24        27.60         0.0362
       31.62        68.37        27.63         0.0362
       34.37        69.50        22.46         0.0445
       37.12        70.16        21.43         0.0467
       39.87        70.32        21.56         0.0464
       42.62        70.43        21.56         0.0464
       45.37        70.54        21.52         0.0465
       48.12        70.56        21.51         0.0465
       50.87        70.41        17.02         0.0588
       53.62        70.19        11.42         0.0876
       56.37        69.97        11.41         0.0876
       59.12        69.74         2.35         0.4252
       61.87        69.52         2.31         0.4322
       64.63        69.29         2.47         0.4047
       67.38        69.29         3.02         0.3310
       70.13        69.52         3.05         0.3279
       72.88        69.74         3.06         0.3269
       75.63        69.97         3.19         0.3136
       78.38        70.19         3.32         0.3013
       81.13        70.41         3.31         0.3022
       83.88        70.64         1.94         0.5155
       86.63        70.86         1.94         0.5155
       89.38        71.09         4.61         0.2170
       92.13        71.05         0.97           1.03
       94.88        70.75         0.97           1.03
       97.63        70.41         3.58         0.2791
      100.38        70.07         6.27         0.1595
      103.13        69.74         6.28         0.1591
      105.88        69.40         1.78         0.5615
      108.63        69.06         1.77         0.5634
      111.38        68.72         6.40         0.1562
      114.13        68.64         6.39         0.1566
      116.88        68.84         0.78           1.28
      119.63        69.07         0.79           1.27
      122.38        69.29         9.79         0.1021
      125.13        69.52         4.98         0.2009
      127.88        69.74         2.59         0.3865
      130.63        69.97         2.58         0.3876
      133.38        70.46        76.58         0.0131
      136.13        71.93        22.01         0.0454
      138.88        74.08        19.67         0.0508
      141.63        76.18         2.73         0.3660
      144.38        78.23       171.56       0.005829
      147.13        80.21        10.42         0.0960
      149.88        81.52        10.37         0.0964
      152.63        81.47        18.27         0.0547
      155.38        80.70        38.42         0.0260
      158.13        79.92        91.35         0.0109
      160.88        79.12        91.02         0.0110
      163.63        78.30        21.20         0.0472
      166.38        77.89         9.18         0.1089
      169.13        77.89        12.44         0.0804
      171.88        77.89       584.61       0.001711
      174.63        77.89       954.66       0.001047
      177.38        78.15       947.24       0.001056
      180.13        78.66         1.90         0.5274
      182.88        79.17         1.83         0.5479
      185.63        79.58        64.12         0.0156
      188.38        79.74        64.23         0.0156
      191.13        79.74        82.67         0.0121
      193.88        79.74        83.13         0.0120
      196.63        79.74        76.92         0.0130
      199.38        79.55         2.52         0.3975
      202.13        79.05         2.50         0.3994
      204.88        78.44         2.50         0.3994
      207.63        77.82        37.88         0.0264
        9.62        60.74         2.60         0.3842
       12.37        60.74         2.56         0.3909
       15.12        60.74         2.56         0.3912
       17.87        61.00         3.43         0.2911
       20.62        61.81         4.92         0.2031
       23.37        62.92         4.68         0.2136
       26.12        64.02         2.78         0.3592
       28.87        65.12         2.79         0.3582
       31.62        66.20         4.57         0.2188
       34.37        67.28         4.72         0.2120
       37.12        67.91         4.72         0.2116
       39.87        68.06         4.71         0.2122
       42.62        68.17         4.70         0.2126
       45.37        68.28         4.75         0.2104
       48.12        68.30         5.68         0.1759
       50.87        68.16         5.68         0.1760
       53.62        67.94         5.64         0.1775
       56.37        67.73         5.58         0.1793
       59.12        67.51         2.32         0.4316
       61.87        67.30         2.31         0.4327
       64.63        67.08         2.49         0.4023
       67.38        67.08         3.32         0.3012
       70.13        67.30         3.32         0.3012
       72.88        67.51         3.07         0.3261
       75.63        67.73         3.09         0.3234
       78.38        67.94         3.11         0.3213
       81.13        68.16         2.86         0.3500
       83.88        68.37         1.92         0.5203
       86.63        68.58         1.94         0.5157
       89.38        68.80         4.60         0.2173
       92.13        68.77         0.97           1.03
       94.88        68.47         0.97           1.03
       97.63        68.15         3.58         0.2797
      100.38        67.83         6.28         0.1592
      103.13        67.51         6.28         0.1593
      105.88        67.18         1.78         0.5612
      108.63        66.86         1.78         0.5615
      111.38        66.54         6.34         0.1578
      114.13        66.46         6.33         0.1579
      116.88        66.65         0.78           1.28
      119.63        66.87         0.78           1.28
      122.38        67.08         9.72         0.1028
      125.13        67.30         5.83         0.1714
      127.88        67.51         2.59         0.3865
      130.63        67.73         2.57         0.3891
      133.38        68.20         8.45         0.1183
      136.13        69.59        22.17         0.0451
      138.88        71.63        17.47         0.0572
      141.63        73.60         2.73         0.3662
      144.38        75.50        52.56         0.0190
      147.13        77.30        12.31         0.0812
      149.88        78.47        11.01         0.0908
      152.63        78.43        18.37         0.0544
      155.38        77.74        39.36         0.0254
      158.13        77.04        91.42         0.0109
      160.88        76.31        90.89         0.0110
      163.63        75.56        18.88         0.0530
      166.38        75.19         8.03         0.1245
      169.13        75.19        16.22         0.0617
      171.88        75.19       584.23       0.001712
      174.63        75.19       952.39       0.001050
      177.38        75.42       947.48       0.001055
      180.13        75.89        38.13         0.0262
      182.88        76.36        38.16         0.0262
      185.63        76.73        60.07         0.0166
      188.38        76.88        60.40         0.0166
      191.13        76.88        60.11         0.0166
      193.88        76.88         2.56         0.3905
      196.63        76.88         2.43         0.4117
      199.38        76.70         2.39         0.4175
      202.13        76.25         2.52         0.3976
      204.88        75.69        37.65         0.0266
       15.12        58.55         2.55         0.3922
       17.87        58.80         3.41         0.2928
       20.62        59.58         4.39         0.2275
       23.37        60.65         4.39         0.2276
       26.12        61.71         2.79         0.3584
       28.87        62.76         2.80         0.3578
       31.62        63.80         4.57         0.2187
       34.37        64.83         4.72         0.2121
       37.12        65.43         4.73         0.2116
       39.87        65.57         4.70         0.2129
       42.62        65.68         4.37         0.2288
       45.37        65.78         3.44         0.2904
       48.12        65.80         3.43         0.2912
       50.87        65.66         3.41         0.2931
       53.62        65.46         3.13         0.3199
       56.37        65.25         2.37         0.4212
       59.12        65.05         2.31         0.4322
       61.87        64.85         2.34         0.4279
       64.63        64.64         5.66         0.1767
       67.38        64.64         5.69         0.1759
       70.13        64.85         5.66         0.1766
       72.88        65.05         3.06         0.3265
       75.63        65.25         1.95         0.5133
       78.38        65.46         1.88         0.5308
       81.13        65.66         1.88         0.5328
       83.88        65.86         1.88         0.5308
       86.63        66.07         8.53         0.1172
       89.38        66.27         8.57         0.1167
       92.13        66.24         7.65         0.1308
       94.88        65.96         3.51         0.2847
       97.63        65.66         3.53         0.2832
      100.38        65.35         3.55         0.2819
      103.13        65.05         3.54         0.2826
      105.88        64.74         2.54         0.3937
      108.63        64.43         2.55         0.3915
      111.38        64.12         6.26         0.1598
      114.13        64.04         6.24         0.1602
      116.88        64.23         1.93         0.5192
      119.63        64.43         1.92         0.5198
      122.38        64.64         9.76         0.1025
      125.13        64.85         9.78         0.1023
      127.88        65.05         5.32         0.1881
      130.63        65.26         2.58         0.3873
      133.38        65.70         2.58         0.3871
      136.13        67.02        17.53         0.0570
      138.88        68.94        17.53         0.0570
      141.63        70.77        17.53         0.0570
      144.38        72.51        52.46         0.0191
      147.13        74.14        33.53         0.0298
      149.88        75.17        30.74         0.0325
      152.63        75.14        30.84         0.0324
      155.38        74.53        31.03         0.0322
      158.13        73.91        27.28         0.0367
      160.88        73.25        12.31         0.0812
      163.63        72.58         6.42         0.1559
      166.38        72.23         6.38         0.1566
      169.13        72.23        16.27         0.0615
      171.88        72.23       153.64       0.006509
      174.63        72.23       153.77       0.006503
      177.38        72.45       153.08       0.006533
      180.13        72.88        37.22         0.0269
      182.88        73.30         1.88         0.5316
      185.63        73.63         1.88         0.5322
      188.38        73.76         1.91         0.5244
      191.13        73.76         2.06         0.4850
      193.88        73.76         2.36         0.4235
      196.63        73.76         2.51         0.3978
      199.38        73.61        32.03         0.0312
       20.62        57.11         3.41         0.2934
       23.37        58.14         4.39         0.2279
       26.12        59.16         4.38         0.2282
       28.87        60.16         4.41         0.2270
       31.62        61.15         6.43         0.1554
       34.37        62.13         6.48         0.1544
       37.12        62.70         6.47         0.1545
       39.87        62.84         6.41         0.1560
       42.62        62.93         4.37         0.2289
       45.37        63.03         3.18         0.3147
       48.12        63.04         2.68         0.3727
       50.87        62.92         2.41         0.4148
       53.62        62.73         2.33         0.4290
       56.37        62.53         2.31         0.4329
       59.12        62.34         2.31         0.4333
       61.87        62.14         2.51         0.3979
       64.63        61.95         5.70         0.1754
       67.38        61.95         5.72         0.1748
       70.13        62.14         5.70         0.1755
       72.88        62.34         3.06         0.3270
       75.63        62.53         1.82         0.5510
       78.38        62.73         1.78         0.5631
       81.13        62.92         1.78         0.5631
       83.88        63.11         1.88         0.5322
       86.63        63.30        10.33         0.0968
       89.38        63.49        10.36         0.0965
       92.13        63.46        10.26         0.0975
       94.88        63.20         3.52         0.2845
       97.63        62.91         2.52         0.3971
      100.38        62.63         2.52         0.3973
      103.13        62.34         2.53         0.3960
      105.88        62.04         2.53         0.3946
      108.63        61.75         2.63         0.3799
      111.38        61.46         6.11         0.1638
      114.13        61.38         6.07         0.1648
      116.88        61.56         5.74         0.1742
      119.63        61.76         5.73         0.1746
      122.38        61.95         9.77         0.1024
      125.13        62.15         9.83         0.1017
      127.88        62.34         9.78         0.1022
      130.63        62.53         3.66         0.2730
      133.38        62.96         2.59         0.3865
      136.13        64.20         2.58         0.3883
      138.88        65.99        14.88         0.0672
      141.63        67.69        36.73         0.0272
      144.38        69.27        53.65         0.0186
      147.13        70.71        53.60         0.0187
      149.88        71.62        34.76         0.0288
      152.63        71.59        33.49         0.0299
      155.38        71.07        30.91         0.0324
      158.13        70.52        18.47         0.0541
      160.88        69.94         8.90         0.1124
      163.63        69.33         6.45         0.1551
      166.38        69.02         6.29         0.1591
      169.13        69.02         6.29         0.1590
      171.88        69.02         6.26         0.1598
      174.63        69.02         5.40         0.1853
      177.38        69.22         2.78         0.3600
      180.13        69.60         1.71         0.5841
      182.88        69.98         1.67         0.5970
      185.63        70.28         1.67         0.5970
      188.38        70.39         1.89         0.5288
      191.13        70.39         2.99         0.3341
      193.88        70.39        22.93         0.0436
       26.12        56.32         4.40         0.2272
       28.87        57.27         8.75         0.1143
       31.62        58.21         8.79         0.1137
       34.37        59.13         8.80         0.1136
       37.12        59.67         8.77         0.1140
       39.87        59.80         8.02         0.1246
       42.62        59.89         4.37         0.2287
       45.37        59.98         3.10         0.3224
       48.12        60.00         2.30         0.4354
       50.87        59.88         2.24         0.4472
       53.62        59.70         2.23         0.4486
       56.37        59.52         2.23         0.4486
       59.12        59.33         2.24         0.4464
       61.87        59.15         2.52         0.3964
       64.63        58.97         5.69         0.1757
       67.38        58.97         5.71         0.1753
       70.13        59.15         5.68         0.1760
       72.88        59.33         3.05         0.3277
       75.63        59.52         1.81         0.5516
       78.38        59.70         1.77         0.5634
       81.13        59.88         1.78         0.5631
       83.88        60.06         6.82         0.1467
       86.63        60.24        11.27         0.0887
       89.38        60.42        11.30         0.0885
       92.13        60.39        11.26         0.0888
       94.88        60.14         4.46         0.2243
       97.63        59.87         2.48         0.4031
      100.38        59.60         2.47         0.4040
      103.13        59.33         2.48         0.4027
      105.88        59.06         2.51         0.3990
      108.63        58.78         2.63         0.3808
      111.38        58.50         5.97         0.1676
      114.13        58.43         5.94         0.1683
      116.88        58.60         5.83         0.1716
      119.63        58.78         5.83         0.1714
      122.38        58.97         9.74         0.1027
      125.13        59.15         9.81         0.1019
      127.88        59.33         9.79         0.1021
      130.63        59.52         5.06         0.1978
      133.38        59.91         2.68         0.3733
      136.13        61.08         2.47         0.4050
      138.88        62.74         2.47         0.4042
      141.63        64.29        36.90         0.0271
      144.38        65.72        55.56         0.0180
      147.13        66.99        55.48         0.0180
      149.88        67.77        54.39         0.0184
      152.63        67.75        40.02         0.0250
      155.38        67.30        30.85         0.0324
      158.13        66.82        18.31         0.0546
      160.88        66.32         8.85         0.1129
      163.63        65.78         6.63         0.1509
      166.38        65.50         6.35         0.1575
      169.13        65.50         6.30         0.1587
      171.88        65.50         5.99         0.1669
      174.63        65.50         5.41         0.1848
      177.38        65.68         2.78         0.3598
      180.13        66.02         1.78         0.5618
      182.88        66.35         1.78         0.5627
      185.63        66.62         1.79         0.5596
      188.38        66.72        13.19         0.0758
       31.62        54.99         8.81         0.1135
       34.37        55.85         8.82         0.1133
       37.12        56.36         8.81         0.1136
       39.87        56.48         8.04         0.1244
       42.62        56.56         4.36         0.2296
       45.37        56.65         2.18         0.4587
       48.12        56.66         2.00         0.5000
       50.87        56.55         2.00         0.5010
       53.62        56.38         2.00         0.5005
       56.37        56.21         2.01         0.4983
       59.12        56.04         2.09         0.4778
       61.87        55.87         2.52         0.3976
       64.63        55.70         3.62         0.2759
       67.38        55.70         3.63         0.2756
       70.13        55.87         3.61         0.2769
       72.88        56.04         3.05         0.3278
       75.63        56.21         2.51         0.3986
       78.38        56.38         2.49         0.4013
       81.13        56.55         2.50         0.4003
       83.88        56.72         8.91         0.1122
       86.63        56.88        11.58         0.0864
       89.38        57.05        11.61         0.0861
       92.13        57.03        11.57         0.0864
       94.88        56.80         6.17         0.1621
       97.63        56.55         2.48         0.4039
      100.38        56.29         2.45         0.4078
      103.13        56.04         2.45         0.4077
      105.88        55.78         2.47         0.4055
      108.63        55.52         2.60         0.3849
      111.38        55.26         5.71         0.1752
      114.13        55.19         5.78         0.1731
      116.88        55.35         5.79         0.1727
      119.63        55.52         5.84         0.1713
      122.38        55.70         7.87         0.1270
      125.13        55.87         8.14         0.1229
      127.88        56.04         8.15         0.1227
      130.63        56.21         5.07         0.1971
      133.38        56.58         2.91         0.3438
      136.13        57.66         2.42         0.4129
      138.88        59.19         2.41         0.4141
      141.63        60.61        36.68         0.0273
      144.38        61.88        55.51         0.0180
      147.13        62.99        55.57         0.0180
      149.88        63.65        54.59         0.0183
      152.63        63.63        40.10         0.0249
      155.38        63.25        30.72         0.0326
      158.13        62.85        18.09         0.0553
      160.88        62.41         8.67         0.1153
      163.63        61.94         6.75         0.1481
      166.38        61.69         6.46         0.1547
      169.13        61.69         6.35         0.1575
      171.88        61.69         6.02         0.1661
      174.63        61.69         5.62         0.1781
      177.38        61.85         5.49         0.1820
      180.13        62.15         5.52         0.1812
      182.88        62.44         5.80         0.1725
       37.12        52.69         8.80         0.1137
       39.87        52.80         5.78         0.1730
       42.62        52.88         1.39         0.7205
       45.37        52.96         1.29         0.7776
       48.12        52.97         1.28         0.7819
       50.87        52.87         1.28         0.7813
       53.62        52.71         1.28         0.7800
       56.37        52.56         1.29         0.7752
       59.12        52.40         1.34         0.7479
       61.87        52.24         1.60         0.6262
       64.63        52.08         1.98         0.5045
       67.38        52.08         3.09         0.3238
       70.13        52.24         3.15         0.3178
       72.88        52.40         3.12         0.3210
       75.63        52.56         3.10         0.3229
       78.38        52.71         3.10         0.3228
       81.13        52.87         4.35         0.2299
       83.88        53.03        11.66         0.0858
       86.63        53.18        11.88         0.0842
       89.38        53.33        11.90         0.0840
       92.13        53.31        11.88         0.0842
       94.88        53.10         9.06         0.1103
       97.63        52.87         2.55         0.3920
      100.38        52.63         2.41         0.4144
      103.13        52.39         2.41         0.4143
      105.88        52.15         2.42         0.4129
      108.63        51.91         2.54         0.3939
      111.38        51.67         3.81         0.2625
      114.13        51.61         4.13         0.2422
      116.88        51.75         4.25         0.2351
      119.63        51.92         4.37         0.2289
      122.38        52.08         4.51         0.2219
      125.13        52.24         4.59         0.2181
      127.88        52.40         4.61         0.2169
      130.63        52.56         4.61         0.2170
      133.38        52.90         2.99         0.3343
      136.13        53.90         2.21         0.4529
      138.88        55.30         1.71         0.5858
      141.63        56.57         1.70         0.5875
      144.38        57.70         1.89         0.5285
      147.13        58.64         4.99         0.2002
      149.88        59.19         5.42         0.1846
      152.63        59.17         5.79         0.1727
      155.38        58.87         6.17         0.1620
      158.13        58.53         6.47         0.1546
      160.88        58.15         6.63         0.1509
      163.63        57.75         6.68         0.1497
      166.38        57.53         6.48         0.1543
      169.13        57.53         6.37         0.1570
      171.88        57.53         6.05         0.1653
      174.63        57.53         5.83         0.1715
      177.38        57.67         5.75         0.1739
       42.62        48.83         0.57           1.75
       45.37        48.90         0.56           1.78
       48.12        48.91         0.56           1.77
       50.87        48.82         0.56           1.77
       53.62        48.67         0.57           1.76
       56.37        48.53         0.58           1.72
       59.12        48.38         0.67           1.49
       61.87        48.23         0.75           1.32
       64.63        48.09         0.99           1.01
       67.38        48.09         3.07         0.3254
       70.13        48.23         3.21         0.3119
       72.88        48.38         3.24         0.3089
       75.63        48.53         3.33         0.2999
       78.38        48.67         4.63         0.2158
       81.13        48.82        10.31         0.0970
       83.88        48.96        12.64         0.0791
       86.63        49.10        12.69         0.0788
       89.38        49.24        12.70         0.0787
       92.13        49.23        12.68         0.0789
       94.88        49.03        12.17         0.0822
       97.63        48.81         3.58         0.2794
      100.38        48.60         2.27         0.4399
      103.13        48.38         2.18         0.4581
      105.88        48.16         2.18         0.4585
      108.63        47.93         2.18         0.4577
      111.38        47.71         2.20         0.4550
      114.13        47.65         2.22         0.4505
      116.88        47.79         2.25         0.4442
      119.63        47.94         2.29         0.4367
      122.38        48.09         2.33         0.4288
      125.13        48.23         2.37         0.4227
      127.88        48.38         2.38         0.4193
      130.63        48.53         2.39         0.4181
      133.38        48.85         2.39         0.4186
      136.13        49.76         2.21         0.4533
      138.88        51.03         1.75         0.5727
      141.63        52.16         1.74         0.5741
      144.38        53.14         1.76         0.5675
      147.13        53.93         1.98         0.5045
      149.88        54.38         2.83         0.3540
      152.63        54.36         4.49         0.2229
      155.38        54.12         5.57         0.1797
      158.13        53.84         5.93         0.1685
      160.88        53.53         6.05         0.1652
      163.63        53.19         6.10         0.1640
      166.38        53.01         6.11         0.1636
      169.13        53.01         6.11         0.1635
      171.88        53.01         5.98         0.1671
       50.87        44.32         0.42           2.38
       53.62        44.19         0.42           2.38
       56.37        44.05         0.42           2.36
       59.12        43.92         0.67           1.49
       61.87        43.78         0.75           1.33
       64.63        43.65         0.93           1.08
       67.38        43.65         3.08         0.3251
       70.13        43.78         3.43         0.2917
       72.88        43.92         3.87         0.2585
       75.63        44.05         5.82         0.1720
       78.38        44.19        10.25         0.0976
       81.13        44.32        13.88         0.0720
       83.88        44.45        13.96         0.0716
       86.63        44.58        13.98         0.0715
       89.38        44.71        13.97         0.0716
       92.13        44.69        13.94         0.0717
       94.88        44.51        13.40         0.0746
       97.63        44.31         4.94         0.2024
      100.38        44.12         2.17         0.4598
      103.13        43.92         1.46         0.6831
      105.88        43.71         1.42         0.7027
      108.63        43.51         1.42         0.7032
      111.38        43.30         1.42         0.7022
      114.13        43.25         1.43         0.7003
      116.88        43.37         1.44         0.6964
      119.63        43.51         1.45         0.6882
      122.38        43.65         1.49         0.6734
      125.13        43.78         1.54         0.6494
      127.88        43.92         1.62         0.6184
      130.63        44.05         1.69         0.5921
      133.38        44.34         1.73         0.5774
      136.13        45.17         1.76         0.5688
      138.88        46.31         1.75         0.5698
      141.63        47.31         1.75         0.5698
      144.38        48.15         1.77         0.5643
      147.13        48.80         1.98         0.5043
      149.88        49.14         2.71         0.3686
      152.63        49.13         4.19         0.2387
      155.38        48.95         5.34         0.1873
      158.13        48.73         5.92         0.1689
      160.88        48.47         5.99         0.1671
      163.63        48.19         6.02         0.1661
       56.37        39.05         0.42           2.38
       59.12        38.93         0.68           1.48
       61.87        38.81         0.75           1.33
       64.63        38.68         0.90           1.12
       67.38        38.68         3.09         0.3234
       70.13        38.81         5.13         0.1950
       72.88        38.93         9.79         0.1022
       75.63        39.05        14.79         0.0676
       78.38        39.17        16.25         0.0615
       81.13        39.29        16.32         0.0613
       83.88        39.41        16.34         0.0612
       86.63        39.53        16.34         0.0612
       89.38        39.64        16.32         0.0613
       92.13        39.63        16.26         0.0615
       94.88        39.46        13.74         0.0728
       97.63        39.29         5.04         0.1986
      100.38        39.11         2.14         0.4677
      103.13        38.93         1.20         0.8333
      105.88        38.74         0.82           1.23
      108.63        38.56         0.80           1.25
      111.38        38.37         0.80           1.25
      114.13        38.32         0.80           1.25
      116.88        38.43         0.81           1.24
      119.63        38.56         0.81           1.24
      122.38        38.68         0.81           1.23
      125.13        38.81         0.82           1.22
      127.88        38.93         0.84           1.19
      130.63        39.05         0.86           1.16
      133.38        39.31         0.89           1.12
      136.13        40.05         1.12         0.8913
      138.88        41.06         1.71         0.5838
      141.63        41.93         1.75         0.5724
      144.38        42.64         1.77         0.5634
      147.13        43.16         1.98         0.5043
      149.88        43.42         2.68         0.3736
      152.63        43.41         3.39         0.2951
      155.38        43.28         4.67         0.2142
      158.13        43.11         5.85         0.1708
       64.63        33.35         0.75           1.32
       67.38        33.35         5.25         0.1906
       70.13        33.46        15.22         0.0657
       72.88        33.56        19.94         0.0502
       75.63        33.67        20.18         0.0496
       78.38        33.77        20.22         0.0495
       81.13        33.87        20.22         0.0495
       83.88        33.97        20.20         0.0495
       86.63        34.07        20.15         0.0496
       89.38        34.17        19.89         0.0503
       92.13        34.16        17.72         0.0564
       94.88        34.02        13.77         0.0726
       97.63        33.87         5.06         0.1977
      100.38        33.72         2.12         0.4713
      103.13        33.56         1.15         0.8666
      105.88        33.40         0.61           1.65
      108.63        33.24         0.54           1.86
      111.38        33.08         0.54           1.86
      114.13        33.04         0.54           1.86
      116.88        33.14         0.54           1.86
      119.63        33.25         0.54           1.86
      122.38        33.35         0.54           1.85
      125.13        33.46         0.54           1.85
      127.88        33.56         0.55           1.83
      130.63        33.67         0.55           1.81
      133.38        33.89         0.57           1.77
      136.13        34.51         0.72           1.39
      138.88        35.35         1.67         0.5981
      141.63        36.04         1.71         0.5858
      144.38        36.58         1.75         0.5701
      147.13        36.94         1.88         0.5308
      149.88        37.11         2.66         0.3766
       75.63        27.74       167.04       0.005987
       78.38        27.83        55.76         0.0179
       81.13        27.92        37.32         0.0268
       83.88        28.00        28.84         0.0347
       86.63        28.09        24.59         0.0407
       89.38        28.18        19.99         0.0500
       92.13        28.16        17.78         0.0562
       94.88        28.04        13.79         0.0725
       97.63        27.91         5.07         0.1973
      100.38        27.78         2.11         0.4730
      103.13        27.64         1.15         0.8726
      105.88        27.50         0.57           1.74
      108.63        27.36         0.47           2.12
      111.38        27.21         0.47           2.14
      114.13        27.18         0.47           2.14
      116.88        27.26         0.47           2.14
      119.63        27.36         0.47           2.13
      122.38        27.46         0.47           2.13
      125.13        27.55         0.47           2.11
      127.88        27.64         0.48           2.10
      130.63        27.74         0.48           2.07
      133.38        27.93         0.49           2.02
      136.13        28.47         0.62           1.61
      138.88        29.19         1.63         0.6128
