        6.87        57.43         4.58         0.2184
        9.62        57.40         8.03         0.1245
       12.37        57.37        13.97         0.0716
       15.12        57.34         5.37         0.1863
       17.87        57.29        17.34         0.0577
       20.62        57.05         5.65         0.1770
       23.37        56.62         8.09         0.1236
       26.12        56.15         8.43         0.1186
       28.87        55.66         3.05         0.3279
       31.62        55.15        11.88         0.0842
       34.37        54.90         7.40         0.1351
       37.12        54.90        15.31         0.0653
       39.87        54.92         0.23           4.33
       42.62        55.00        16.33         0.0612
       45.37        55.11         0.28           3.56
       48.12        55.21        13.23         0.0756
       50.87        55.32         2.97         0.3370
       53.62        55.42        19.50         0.0513
       56.37        55.53         3.64         0.2748
       59.12        55.59        18.46         0.0542
       61.87        55.62         4.11         0.2436
       64.63        55.64        46.18         0.0217
       67.38        55.66        11.30         0.0885
       70.13        55.69        36.53         0.0274
       72.88        55.74        41.10         0.0243
       75.63        55.78        21.97         0.0455
       78.38        55.82        41.81         0.0239
       81.13        55.86         6.31         0.1584
       83.88        55.90        15.56         0.0643
       86.63        55.96         2.25         0.4448
       89.38        56.05         8.11         0.1233
       92.13        56.15         2.56         0.3902
       94.88        56.23         8.99         0.1113
       97.63        56.31         7.41         0.1350
      100.38        56.39        11.04         0.0906
      103.13        56.46        10.50         0.0952
      105.88        56.54        10.42         0.0960
      108.63        56.61        10.43         0.0959
      111.38        56.69         7.17         0.1395
      114.13        56.76         5.15         0.1941
      116.88        56.83         2.48         0.4026
      119.63        56.87         4.05         0.2472
      122.38        56.91         4.67         0.2141
      125.13        56.83         9.78         0.1022
      127.88        56.64         4.21         0.2375
      130.63        56.58         2.17         0.4604
      133.38        56.65         7.31         0.1369
      136.13        56.66         7.33         0.1364
      138.88        56.57         3.58         0.2797
      141.63        56.41         3.06         0.3270
      144.38        56.26         1.15         0.8711
      147.13        56.18         7.44         0.1343
      149.88        56.19         2.53         0.3960
      152.63        56.21         7.68         0.1301
      155.38        56.23         2.44         0.4102
      158.13        56.23         7.94         0.1259
      160.88        56.23         3.85         0.2599
      163.63        56.20         1.94         0.5163
        6.87        54.90         4.67         0.2143
        9.62        54.89         2.00         0.5008
       12.37        54.88         5.35         0.1871
       15.12        54.86         5.34         0.1873
       17.87        54.84         5.36         0.1867
       20.62        54.70         5.48         0.1826
       23.37        54.42         5.86         0.1706
       26.12        54.09         5.38         0.1858
       28.87        53.72         3.85         0.2600
       31.62        53.32         7.39         0.1354
       34.37        53.11         7.39         0.1353
       37.12        53.11        15.39         0.0650
       39.87        53.13        15.84         0.0631
       42.62        53.19        15.99         0.0625
       45.37        53.28        10.98         0.0911
       48.12        53.37        12.63         0.0792
       50.87        53.45         2.61         0.3834
       53.62        53.53         3.01         0.3324
       56.37        53.62         3.63         0.2751
       59.12        53.67         4.76         0.2103
       61.87        53.69         3.39         0.2947
       64.63        53.70         2.55         0.3923
       67.38        53.72        10.40         0.0962
       70.13        53.75        10.37         0.0964
       72.88        53.78         9.80         0.1020
       75.63        53.81        15.80         0.0633
       78.38        53.84        15.69         0.0637
       81.13        53.88         5.13         0.1950
       83.88        53.91         4.11         0.2436
       86.63        53.95         3.44         0.2904
       89.38        54.02         3.95         0.2532
       92.13        54.09         2.79         0.3589
       94.88        54.15         2.79         0.3583
       97.63        54.21         1.80         0.5543
      100.38        54.27         6.55         0.1528
      103.13        54.32         1.96         0.5102
      105.88        54.37         1.88         0.5316
      108.63        54.43         1.89         0.5294
      111.38        54.48         1.77         0.5640
      114.13        54.52         1.77         0.5659
      116.88        54.57         2.48         0.4027
      119.63        54.60         4.02         0.2488
      122.38        54.62         1.34         0.7485
      125.13        54.57         1.34         0.7491
      127.88        54.44         4.20         0.2378
      130.63        54.40         2.38         0.4196
      133.38        54.45         2.29         0.4373
      136.13        54.46         2.32         0.4312
      138.88        54.39         2.94         0.3406
      141.63        54.29         2.91         0.3432
      144.38        54.18         1.26         0.7962
      147.13        54.12         2.41         0.4143
      149.88        54.13         2.40         0.4158
      152.63        54.14         2.40         0.4167
      155.38        54.15         2.41         0.4151
      158.13        54.16         3.88         0.2580
      160.88        54.16         3.87         0.2583
      163.63        54.13         3.98         0.2509
        6.87        52.44        21.46         0.0466
        9.62        52.43         1.17         0.8511
       12.37        52.43         3.55         0.2818
       15.12        52.42         4.63         0.2160
       17.87        52.41         4.91         0.2039
       20.62        52.34         4.92         0.2032
       23.37        52.17         4.89         0.2044
       26.12        51.94         4.19         0.2387
       28.87        51.66         3.85         0.2599
       31.62        51.34         3.85         0.2601
       34.37        51.17         3.84         0.2601
       37.12        51.17         4.11         0.2431
       39.87        51.19        14.76         0.0678
       42.62        51.24        14.74         0.0678
       45.37        51.31         1.36         0.7380
       48.12        51.38         1.34         0.7440
       50.87        51.45         2.47         0.4050
       53.62        51.52         2.99         0.3341
       56.37        51.58         2.98         0.3355
       59.12        51.62         2.54         0.3934
       61.87        51.64         2.57         0.3887
       64.63        51.65         2.56         0.3911
       67.38        51.66         1.66         0.6013
       70.13        51.68         1.43         0.6998
       72.88        51.71         1.45         0.6901
       75.63        51.73         2.37         0.4212
       78.38        51.76         2.00         0.5005
       81.13        51.78         2.00         0.5013
       83.88        51.80         2.02         0.4941
       86.63        51.84         3.44         0.2903
       89.38        51.89         3.56         0.2813
       92.13        51.94         2.79         0.3589
       94.88        51.98         2.69         0.3712
       97.63        52.02         1.83         0.5467
      100.38        52.06         1.94         0.5165
      103.13        52.10         1.94         0.5165
      105.88        52.14         1.89         0.5302
      108.63        52.17         1.88         0.5305
      111.38        52.20         1.77         0.5650
      114.13        52.24         1.77         0.5663
      116.88        52.26         2.46         0.4068
      119.63        52.28         2.48         0.4029
      122.38        52.29         1.47         0.6803
      125.13        52.26         1.47         0.6803
      127.88        52.18         2.90         0.3446
      130.63        52.15         2.39         0.4186
      133.38        52.19         2.28         0.4384
      136.13        52.19         2.29         0.4365
      138.88        52.15         2.36         0.4243
      141.63        52.08         2.36         0.4246
      144.38        52.00         2.23         0.4490
      147.13        51.96         2.25         0.4448
      149.88        51.97         2.25         0.4439
      152.63        51.98         2.23         0.4476
      155.38        51.98         1.54         0.6502
      158.13        51.99         1.53         0.6515
      160.88        51.99         1.94         0.5144
      163.63        51.97         4.00         0.2502
        9.62        49.85         1.17         0.8532
       12.37        49.85         3.53         0.2832
       15.12        49.85         3.96         0.2528
       17.87        49.85         3.99         0.2506
       20.62        49.81         4.00         0.2502
       23.37        49.71         3.99         0.2508
       26.12        49.56         3.96         0.2525
       28.87        49.36         3.83         0.2610
       31.62        49.11         3.82         0.2618
       34.37        48.98         3.82         0.2618
       37.12        48.98         4.10         0.2440
       39.87        48.99        14.43         0.0693
       42.62        49.03        14.45         0.0692
       45.37        49.09         1.36         0.7331
       48.12        49.14         1.36         0.7380
       50.87        49.20         2.48         0.4027
       53.62        49.25         2.98         0.3352
       56.37        49.30         2.96         0.3375
       59.12        49.33         2.45         0.4077
       61.87        49.34         2.48         0.4032
       64.63        49.35         2.68         0.3727
       67.38        49.36         2.75         0.3634
       70.13        49.37         2.76         0.3628
       72.88        49.39         2.75         0.3636
       75.63        49.41         2.69         0.3715
       78.38        49.43         2.00         0.4998
       81.13        49.45         1.99         0.5018
       83.88        49.46         2.01         0.4988
       86.63        49.49         2.66         0.3765
       89.38        49.53         2.66         0.3761
       92.13        49.56         2.65         0.3771
       94.88        49.59         2.08         0.4805
       97.63        49.62         1.91         0.5247
      100.38        49.65         1.93         0.5168
      103.13        49.67         1.99         0.5038
      105.88        49.69         2.00         0.4995
      108.63        49.72         2.00         0.4990
      111.38        49.74         1.99         0.5025
      114.13        49.75         1.99         0.5035
      116.88        49.77         2.21         0.4531
      119.63        49.78         2.21         0.4515
      122.38        49.79         2.21         0.4529
      125.13        49.77         2.22         0.4507
      127.88        49.72         2.41         0.4155
      130.63        49.70         2.38         0.4196
      133.38        49.73         2.28         0.4384
      136.13        49.73         2.28         0.4380
      138.88        49.70         2.29         0.4359
      141.63        49.65         2.29         0.4365
      144.38        49.60         2.25         0.4446
      147.13        49.57         2.25         0.4446
      149.88        49.58         2.25         0.4448
      152.63        49.59         2.23         0.4476
      155.38        49.59         1.54         0.6485
      158.13        49.59         1.54         0.6498
      160.88        49.59         2.21         0.4528
       15.12        47.10         3.52         0.2838
       17.87        47.10         3.63         0.2758
       20.62        47.09         3.66         0.2734
       23.37        47.04         3.68         0.2717
       26.12        46.94         3.71         0.2696
       28.87        46.79         3.74         0.2671
       31.62        46.61         3.77         0.2655
       34.37        46.51         3.80         0.2635
       37.12        46.51         4.10         0.2439
       39.87        46.52        14.30         0.0699
       42.62        46.55        14.34         0.0697
       45.37        46.60         7.69         0.1301
       48.12        46.64         2.61         0.3826
       50.87        46.68         2.52         0.3975
       53.62        46.72         2.51         0.3978
       56.37        46.75         1.96         0.5112
       59.12        46.78         1.76         0.5695
       61.87        46.78         1.76         0.5685
       64.63        46.79         2.66         0.3765
       67.38        46.80         2.75         0.3640
       70.13        46.81         2.76         0.3626
       72.88        46.82         2.75         0.3634
       75.63        46.84         2.70         0.3705
       78.38        46.85         2.09         0.4785
       81.13        46.86         2.00         0.5010
       83.88        46.87         1.98         0.5040
       86.63        46.89         1.96         0.5110
       89.38        46.92         1.92         0.5198
       92.13        46.94         1.91         0.5222
       94.88        46.96         1.91         0.5233
       97.63        46.98         1.91         0.5236
      100.38        47.00         1.94         0.5165
      103.13        47.01         2.87         0.3487
      105.88        47.03         2.89         0.3460
      108.63        47.04         2.89         0.3458
      111.38        47.05         2.87         0.3482
      114.13        47.06         2.28         0.4386
      116.88        47.07         2.20         0.4535
      119.63        47.08         2.20         0.4537
      122.38        47.08         2.21         0.4533
      125.13        47.07         2.22         0.4507
      127.88        47.04         2.27         0.4399
      130.63        47.03         2.28         0.4396
      133.38        47.05         2.27         0.4403
      136.13        47.05         2.27         0.4403
      138.88        47.03         2.27         0.4398
      141.63        47.00         2.27         0.4405
      144.38        46.97         2.25         0.4437
      147.13        46.95         2.25         0.4442
      149.88        46.95         2.25         0.4446
      152.63        46.96         2.24         0.4464
      155.38        46.96         2.22         0.4511
       20.62        44.15         3.52         0.2838
       23.37        44.12         3.54         0.2826
       26.12        44.06         3.57         0.2803
       28.87        43.96         3.62         0.2765
       31.62        43.83         3.67         0.2725
       34.37        43.76         3.76         0.2657
       37.12        43.76         4.09         0.2442
       39.87        43.77        13.82         0.0724
       42.62        43.79        13.84         0.0723
       45.37        43.82         7.69         0.1300
       48.12        43.85         2.71         0.3687
       50.87        43.88         1.74         0.5734
       53.62        43.91         1.28         0.7782
       56.37        43.94         1.24         0.8065
       59.12        43.95         1.23         0.8110
       61.87        43.96         1.23         0.8104
       64.63        43.96         1.25         0.7981
       67.38        43.97         2.53         0.3946
       70.13        43.98         2.69         0.3711
       72.88        43.98         2.70         0.3700
       75.63        43.99         2.69         0.3717
       78.38        44.00         2.10         0.4764
       81.13        44.01         2.00         0.4998
       83.88        44.02         1.98         0.5056
       86.63        44.03         1.93         0.5181
       89.38        44.05         1.91         0.5236
       92.13        44.06         1.90         0.5255
       94.88        44.08         1.90         0.5255
       97.63        44.09         1.91         0.5238
      100.38        44.10         1.94         0.5163
      103.13        44.11         2.88         0.3477
      105.88        44.12         2.90         0.3451
      108.63        44.12         2.90         0.3448
      111.38        44.13         2.88         0.3466
      114.13        44.14         2.37         0.4212
      116.88        44.14         2.19         0.4556
      119.63        44.14         2.18         0.4579
      122.38        44.15         2.18         0.4583
      125.13        44.14         2.19         0.4575
      127.88        44.13         2.19         0.4562
      130.63        44.12         2.20         0.4548
      133.38        44.13         2.21         0.4531
      136.13        44.13         2.22         0.4507
      138.88        44.12         2.23         0.4480
      141.63        44.10         2.24         0.4462
      144.38        44.08         2.25         0.4446
      147.13        44.07         2.25         0.4444
      149.88        44.07         2.25         0.4441
       26.12        40.88         3.45         0.2902
       28.87        40.82         3.46         0.2889
       31.62        40.73         3.52         0.2838
       34.37        40.67         3.67         0.2725
       37.12        40.67         4.06         0.2461
       39.87        40.68         7.61         0.1314
       42.62        40.70         7.64         0.1309
       45.37        40.72         7.62         0.1313
       48.12        40.74         2.72         0.3675
       50.87        40.76         1.65         0.6064
       53.62        40.78         1.27         0.7862
       56.37        40.80         1.24         0.8078
       59.12        40.81         1.23         0.8117
       61.87        40.82         1.23         0.8104
       64.63        40.82         1.25         0.8019
       67.38        40.82         1.51         0.6618
       70.13        40.83         2.06         0.4850
       72.88        40.83         2.10         0.4771
       75.63        40.84         2.10         0.4762
       78.38        40.85         2.09         0.4780
       81.13        40.85         2.00         0.4998
       83.88        40.86         1.97         0.5068
       86.63        40.86         1.93         0.5189
       89.38        40.88         1.91         0.5236
       92.13        40.89         1.90         0.5255
       94.88        40.89         1.90         0.5252
       97.63        40.90         1.91         0.5233
      100.38        40.91         1.94         0.5155
      103.13        40.91         2.87         0.3488
      105.88        40.92         2.89         0.3464
      108.63        40.92         2.89         0.3460
      111.38        40.92         2.88         0.3473
      114.13        40.93         2.38         0.4193
      116.88        40.93         2.16         0.4621
      119.63        40.93         1.54         0.6485
      122.38        40.93         1.53         0.6553
      125.13        40.93         1.52         0.6575
      127.88        40.92         1.52         0.6583
      130.63        40.92         1.52         0.6579
      133.38        40.92         1.52         0.6562
      136.13        40.92         1.53         0.6540
      138.88        40.92         1.54         0.6502
      141.63        40.91         1.59         0.6293
      144.38        40.90         2.25         0.4448
       31.62        37.31         3.08         0.3251
       34.37        37.27         3.41         0.2936
       37.12        37.27         3.89         0.2571
       39.87        37.28         3.94         0.2536
       42.62        37.29         3.95         0.2532
       45.37        37.31         3.94         0.2535
       48.12        37.32         2.71         0.3689
       50.87        37.34         1.59         0.6281
       53.62        37.35         1.27         0.7893
       56.37        37.36         1.24         0.8045
       59.12        37.37         1.24         0.8071
       61.87        37.37         1.24         0.8058
       64.63        37.37         1.25         0.7994
       67.38        37.38         1.43         0.6969
       70.13        37.38         1.91         0.5233
       72.88        37.38         1.99         0.5030
       75.63        37.39         2.00         0.5013
       78.38        37.39         2.00         0.5013
       81.13        37.39         1.99         0.5033
       83.88        37.40         1.97         0.5089
       86.63        37.40         1.93         0.5187
       89.38        37.41         1.91         0.5222
       92.13        37.41         1.91         0.5233
       94.88        37.42         1.91         0.5233
       97.63        37.42         1.92         0.5214
      100.38        37.43         1.94         0.5144
      103.13        37.43         2.63         0.3797
      105.88        37.43         2.65         0.3778
      108.63        37.43         2.65         0.3775
      111.38        37.44         2.64         0.3786
      114.13        37.44         2.38         0.4198
      116.88        37.44         2.07         0.4838
      119.63        37.44         1.31         0.7657
      122.38        37.44         1.26         0.7949
      125.13        37.44         1.24         0.8039
      127.88        37.43         1.23         0.8110
      130.63        37.43         1.23         0.8137
      133.38        37.44         1.23         0.8150
      136.13        37.44         1.23         0.8157
      138.88        37.43         1.23         0.8150
       37.12        33.50         1.48         0.6757
       39.87        33.50         1.48         0.6739
       42.62        33.51         1.49         0.6725
       45.37        33.52         1.49         0.6720
       48.12        33.53         1.49         0.6729
       50.87        33.54         1.40         0.7158
       53.62        33.55         1.26         0.7918
       56.37        33.56         1.25         0.7987
       59.12        33.56         1.25         0.8000
       61.87        33.56         1.25         0.7987
       64.63        33.57         1.26         0.7943
       67.38        33.57         1.43         0.6998
       70.13        33.57         1.84         0.5444
       72.88        33.57         1.94         0.5149
       75.63        33.57         1.95         0.5128
       78.38        33.58         1.95         0.5120
       81.13        33.58         1.95         0.5128
       83.88        33.58         1.94         0.5144
       86.63        33.58         1.93         0.5179
       89.38        33.59         1.92         0.5200
       92.13        33.59         1.92         0.5208
       94.88        33.59         1.92         0.5203
       97.63        33.60         1.93         0.5187
      100.38        33.60         1.95         0.5136
      103.13        33.60         1.99         0.5025
      105.88        33.60         2.00         0.4995
      108.63        33.60         2.01         0.4985
      111.38        33.60         2.01         0.4988
      114.13        33.60         2.00         0.5005
      116.88        33.60         1.80         0.5540
      119.63        33.60         1.28         0.7800
      122.38        33.60         1.25         0.8013
      125.13        33.60         1.24         0.8084
      127.88        33.60         1.21         0.8237
      130.63        33.60         1.21         0.8271
      133.38        33.60         1.21         0.8295
       42.62        29.34         1.25         0.7994
       45.37        29.35         1.25         0.7974
       48.12        29.36         1.25         0.7968
       50.87        29.36         1.26         0.7962
       53.62        29.37         1.25         0.7968
       56.37        29.37         1.25         0.7981
       59.12        29.38         1.25         0.7974
       61.87        29.38         1.26         0.7962
       64.63        29.38         1.26         0.7918
       67.38        29.38         1.42         0.7037
       70.13        29.38         1.80         0.5562
       72.88        29.38         1.92         0.5214
       75.63        29.38         1.93         0.5184
       78.38        29.38         1.93         0.5171
       81.13        29.38         1.93         0.5168
       83.88        29.39         1.93         0.5173
       86.63        29.39         1.93         0.5181
       89.38        29.39         1.93         0.5189
       92.13        29.39         1.93         0.5189
       94.88        29.39         1.93         0.5184
       97.63        29.39         1.93         0.5168
      100.38        29.39         1.95         0.5133
      103.13        29.40         1.96         0.5094
      105.88        29.40         1.97         0.5076
      108.63        29.40         1.97         0.5071
      111.38        29.40         1.97         0.5076
      114.13        29.40         1.96         0.5094
      116.88        29.40         1.35         0.7407
      119.63        29.40         1.26         0.7918
      122.38        29.40         1.25         0.8032
      125.13        29.40         1.24         0.8084
      127.88        29.40         1.20         0.8299
       50.87        24.73         1.25         0.8026
       53.62        24.73         1.25         0.8013
       56.37        24.73         1.25         0.8000
       59.12        24.73         1.25         0.7987
       61.87        24.73         1.25         0.7968
       64.63        24.73         1.26         0.7918
       67.38        24.73         1.41         0.7107
       70.13        24.74         1.77         0.5650
       72.88        24.74         1.90         0.5266
       75.63        24.74         1.91         0.5225
       78.38        24.74         1.92         0.5208
       81.13        24.74         1.92         0.5198
       83.88        24.74         1.93         0.5192
       86.63        24.74         1.93         0.5189
       89.38        24.74         1.93         0.5187
       92.13        24.74         1.93         0.5181
       94.88        24.74         1.93         0.5173
       97.63        24.74         1.94         0.5157
      100.38        24.74         1.95         0.5136
      103.13        24.74         1.96         0.5115
      105.88        24.74         1.96         0.5105
      108.63        24.74         1.96         0.5102
      111.38        24.74         1.96         0.5107
      114.13        24.74         1.95         0.5123
      116.88        24.74         1.24         0.8037
       59.12        19.56         1.24         0.8039
       61.87        19.56         1.25         0.8013
       64.63        19.56         1.26         0.7955
       67.38        19.56         1.36         0.7369
       70.13        19.56         1.75         0.5714
       72.88        19.56         1.89         0.5302
       75.63        19.56         1.90         0.5252
       78.38        19.57         1.91         0.5233
       81.13        19.57         1.92         0.5219
       83.88        19.57         1.92         0.5208
       86.63        19.57         1.92         0.5200
       89.38        19.57         1.93         0.5192
       92.13        19.57         1.93         0.5181
       94.88        19.57         1.93         0.5171
       97.63        19.57         1.94         0.5155
      100.38        19.57         1.95         0.5131
      103.13        19.57         1.96         0.5110
      105.88        19.57         1.96         0.5102
      108.63        19.57         1.96         0.5105
      111.38        19.57         1.95         0.5117
       67.38        13.92         1.23         0.8123
       70.13        13.92         1.74         0.5737
       72.88        13.92         1.88         0.5325
       75.63        13.92         1.90         0.5271
       78.38        13.92         1.90         0.5252
       81.13        13.92         1.91         0.5233
       83.88        13.92         1.92         0.5219
       86.63        13.92         1.92         0.5208
       89.38        13.92         1.92         0.5198
       92.13        13.92         1.93         0.5184
       94.88        13.92         1.93         0.5171
       97.63        13.92         1.94         0.5155
      100.38        13.92         1.95         0.5131
      103.13        13.92         3.50         0.2857
