672451.487345 9225412.48986 59.97 8.82 0.1134
672451.518908 9225417.98977 60.65 4.16 0.2402
672451.550472 9225423.48968 61.40 2.70 0.3706
672451.582035 9225428.98959 62.42 2.67 0.3743
672451.613598 9225434.4895 63.45 4.09 0.2446
672451.645162 9225439.98941 64.48 13.77 0.0726
672451.676725 9225445.48932 65.76 22.77 0.0439
672451.708288 9225450.98923 67.45 21.95 0.0456
672451.739852 9225456.48914 69.28 141.25 0.007080
672451.771415 9225461.98905 71.10 81.72 0.0122
672451.802978 9225467.48896 72.37 34.55 0.0289
672451.834542 9225472.98887 72.96 39.09 0.0256
672451.866105 9225478.48878 73.42 23.50 0.0426
672451.897668 9225483.98869 73.88 14.21 0.0704
672451.929232 9225489.4886 74.35 21.97 0.0455
672451.960795 9225494.98851 74.81 20.36 0.0491
672451.992358 9225500.48842 75.27 32.82 0.0305
672452.023922 9225505.98832 75.73 28.68 0.0349
672452.055485 9225511.48823 76.19 20.36 0.0491
672452.087048 9225516.98814 76.65 33.01 0.0303
672452.118611 9225522.48805 76.92 33.00 0.0303
672452.150175 9225527.98796 77.18 18.10 0.0552
672452.181738 9225533.48787 77.45 15.59 0.0641
672452.213301 9225538.98778 77.54 13.54 0.0739
672452.244865 9225544.48769 77.63 6.73 0.1486
672452.276428 9225549.9876 77.73 5.14 0.1944
672452.307991 9225555.48751 77.82 8.20 0.1220
672452.339555 9225560.98742 77.91 17.04 0.0587
672452.371118 9225566.48733 78.00 20.87 0.0479
672452.402681 9225571.98724 78.40 20.64 0.0484
672452.434245 9225577.48715 79.73 17.16 0.0583
672452.465808 9225582.98706 82.37 17.99 0.0556
672452.497371 9225588.48697 84.08 31.35 0.0319
672452.528935 9225593.98688 85.05 32.43 0.0308
672452.560498 9225599.48678 86.77 60.82 0.0164
672452.592061 9225604.98669 87.65 66.09 0.0151
672452.623625 9225610.4866 87.80 32.06 0.0312
672452.655188 9225615.98651 87.86 38.72 0.0258
672452.686751 9225621.48642 87.86 30.32 0.0330
672452.718315 9225626.98633 87.86 38.97 0.0257
672452.749878 9225632.48624 87.79 46.53 0.0215
672452.781441 9225637.98615 87.63 54.89 0.0182
672452.813005 9225643.48606 87.45 46.89 0.0213
672451.487345 9225412.48986 56.66 6.34 0.1578
672451.518908 9225417.98977 57.31 3.45 0.2899
672451.550472 9225423.48968 58.03 2.84 0.3526
672451.582035 9225428.98959 59.02 2.85 0.3515
672451.613598 9225434.4895 60.00 3.90 0.2566
672451.645162 9225439.98941 60.98 1.11 0.8993
672451.676725 9225445.48932 62.21 2.26 0.4427
672451.708288 9225450.98923 63.81 37.29 0.0268
672451.739852 9225456.48914 65.55 9.77 0.1024
672451.771415 9225461.98905 67.27 19.61 0.0510
672451.802978 9225467.48896 68.47 27.81 0.0360
672451.834542 9225472.98887 69.02 5.76 0.1736
672451.866105 9225478.48878 69.45 1.85 0.5411
672451.897668 9225483.98869 69.89 6.44 0.1553
672451.929232 9225489.4886 70.32 1.38 0.7262
672451.960795 9225494.98851 70.75 2.32 0.4314
672451.992358 9225500.48842 71.18 1.08 0.9242
672452.023922 9225505.98832 71.61 1.65 0.6046
672452.055485 9225511.48823 72.04 2.41 0.4153
672452.087048 9225516.98814 72.47 1.34 0.7457
672452.118611 9225522.48805 72.71 0.97 1.03
672452.150175 9225527.98796 72.95 1.68 0.5942
672452.181738 9225533.48787 73.20 1.57 0.6378
672452.213301 9225538.98778 73.29 0.68 1.48
672452.244865 9225544.48769 73.37 1.73 0.5787
672452.276428 9225549.9876 73.46 2.31 0.4335
672452.307991 9225555.48751 73.54 1.24 0.8065
672452.339555 9225560.98742 73.62 0.66 1.52
672452.371118 9225566.48733 73.71 1.31 0.7639
672452.402681 9225571.98724 74.08 1.10 0.9099
672452.434245 9225577.48715 75.29 16.46 0.0608
672452.465808 9225582.98706 77.68 34.70 0.0288
672452.497371 9225588.48697 79.22 13.81 0.0724
672452.528935 9225593.98688 80.08 49.88 0.0200
672452.560498 9225599.48678 81.58 109.71 0.009115
672452.592061 9225604.98669 82.35 14.31 0.0699
672452.623625 9225610.4866 82.48 102.12 0.009792
672452.655188 9225615.98651 82.53 15.99 0.0625
672452.686751 9225621.48642 82.53 68.84 0.0145
672452.718315 9225626.98633 82.53 23.05 0.0434
672452.749878 9225632.48624 82.47 140.61 0.007112
672452.781441 9225637.98615 82.33 21.11 0.0474
672452.813005 9225643.48606 82.18 36.08 0.0277
672451.518908 9225417.98977 53.77 0.48 2.07
672451.550472 9225423.48968 54.46 4.61 0.2172
672451.582035 9225428.98959 55.40 3.11 0.3215
672451.613598 9225434.4895 56.34 2.01 0.4970
672451.645162 9225439.98941 57.28 5.55 0.1803
672451.676725 9225445.48932 58.45 4.36 0.2291
672451.708288 9225450.98923 59.97 4.42 0.2263
672451.739852 9225456.48914 61.61 130.66 0.007653
672451.771415 9225461.98905 63.24 34.46 0.0290
672451.802978 9225467.48896 64.36 8.67 0.1153
672451.834542 9225472.98887 64.87 1.57 0.6386
672451.866105 9225478.48878 65.28 21.56 0.0464
672451.897668 9225483.98869 65.68 1.81 0.5519
672451.929232 9225489.4886 66.09 21.18 0.0472
672451.960795 9225494.98851 66.49 21.04 0.0475
672451.992358 9225500.48842 66.89 12.47 0.0802
672452.023922 9225505.98832 67.29 11.19 0.0894
672452.055485 9225511.48823 67.68 4.17 0.2396
672452.087048 9225516.98814 68.08 4.39 0.2279
672452.118611 9225522.48805 68.30 4.38 0.2282
672452.150175 9225527.98796 68.53 47.22 0.0212
672452.181738 9225533.48787 68.75 48.45 0.0206
672452.213301 9225538.98778 68.83 48.08 0.0208
672452.244865 9225544.48769 68.91 5.93 0.1688
672452.276428 9225549.9876 68.99 4.34 0.2307
672452.307991 9225555.48751 69.06 22.40 0.0446
672452.339555 9225560.98742 69.14 22.28 0.0449
672452.371118 9225566.48733 69.22 21.95 0.0456
672452.402681 9225571.98724 69.56 8.65 0.1156
672452.434245 9225577.48715 70.66 3.55 0.2817
672452.465808 9225582.98706 72.81 4.59 0.2180
672452.497371 9225588.48697 74.19 2.15 0.4655
672452.528935 9225593.98688 74.94 1.16 0.8584
672452.560498 9225599.48678 76.25 0.82 1.21
672452.592061 9225604.98669 76.90 0.83 1.20
672452.623625 9225610.4866 77.01 7.81 0.1280
672452.655188 9225615.98651 77.06 7.07 0.1415
672452.686751 9225621.48642 77.06 12.70 0.0787
672452.718315 9225626.98633 77.06 15.87 0.0630
672452.749878 9225632.48624 77.01 15.90 0.0629
672452.781441 9225637.98615 76.89 14.90 0.0671
672451.550472 9225423.48968 50.45 13.55 0.0738
672451.582035 9225428.98959 51.35 3.21 0.3118
672451.613598 9225434.4895 52.24 1.77 0.5643
672451.645162 9225439.98941 53.13 5.47 0.1830
672451.676725 9225445.48932 54.24 5.49 0.1821
672451.708288 9225450.98923 55.67 2.01 0.4973
672451.739852 9225456.48914 57.22 0.72 1.38
672451.771415 9225461.98905 58.74 0.68 1.47
672451.802978 9225467.48896 59.78 0.68 1.46
672451.834542 9225472.98887 60.26 1.21 0.8271
672451.866105 9225478.48878 60.64 21.59 0.0463
672451.897668 9225483.98869 61.01 1.36 0.7337
672451.929232 9225489.4886 61.38 1.45 0.6911
672451.960795 9225494.98851 61.75 1.45 0.6878
672451.992358 9225500.48842 62.12 1.49 0.6716
672452.023922 9225505.98832 62.49 1.52 0.6592
672452.055485 9225511.48823 62.85 2.45 0.4080
672452.087048 9225516.98814 63.21 3.90 0.2563
672452.118611 9225522.48805 63.42 3.01 0.3324
672452.150175 9225527.98796 63.62 1.63 0.6131
672452.181738 9225533.48787 63.83 1.07 0.9311
672452.213301 9225538.98778 63.90 0.44 2.28
672452.244865 9225544.48769 63.97 0.41 2.46
672452.276428 9225549.9876 64.04 0.41 2.46
672452.307991 9225555.48751 64.11 18.91 0.0529
672452.339555 9225560.98742 64.18 20.15 0.0496
672452.371118 9225566.48733 64.25 20.06 0.0499
672452.402681 9225571.98724 64.56 5.69 0.1759
672452.434245 9225577.48715 65.56 2.73 0.3659
672452.465808 9225582.98706 67.47 4.47 0.2239
672452.497371 9225588.48697 68.69 17.31 0.0578
672452.528935 9225593.98688 69.33 24.03 0.0416
672452.560498 9225599.48678 70.45 23.94 0.0418
672452.592061 9225604.98669 71.00 22.90 0.0437
672452.623625 9225610.4866 71.09 16.29 0.0614
672452.655188 9225615.98651 71.13 11.90 0.0840
672452.686751 9225621.48642 71.13 12.65 0.0791
672452.718315 9225626.98633 71.13 15.66 0.0639
672452.749878 9225632.48624 71.09 0.64 1.57
672451.582035 9225428.98959 46.87 10.42 0.0960
672451.613598 9225434.4895 47.72 0.86 1.16
672451.645162 9225439.98941 48.56 0.87 1.15
672451.676725 9225445.48932 49.60 4.92 0.2031
672451.708288 9225450.98923 50.95 7.37 0.1357
672451.739852 9225456.48914 52.39 8.47 0.1181
672451.771415 9225461.98905 53.81 12.07 0.0829
672451.802978 9225467.48896 54.77 12.42 0.0805
672451.834542 9225472.98887 55.22 12.57 0.0796
672451.866105 9225478.48878 55.56 17.14 0.0583
672451.897668 9225483.98869 55.91 1.35 0.7424
672451.929232 9225489.4886 56.25 1.35 0.7413
672451.960795 9225494.98851 56.59 1.35 0.7407
672451.992358 9225500.48842 56.92 1.35 0.7402
672452.023922 9225505.98832 57.25 1.51 0.6640
672452.055485 9225511.48823 57.59 1.85 0.5414
672452.087048 9225516.98814 57.91 2.06 0.4866
672452.118611 9225522.48805 58.10 2.05 0.4885
672452.150175 9225527.98796 58.29 1.62 0.6188
672452.181738 9225533.48787 58.47 0.85 1.18
672452.213301 9225538.98778 58.54 0.41 2.43
672452.244865 9225544.48769 58.60 0.41 2.47
672452.276428 9225549.9876 58.66 0.41 2.45
672452.307991 9225555.48751 58.73 0.96 1.04
672452.339555 9225560.98742 58.79 2.33 0.4292
672452.371118 9225566.48733 58.86 2.45 0.4080
672452.402681 9225571.98724 59.13 2.43 0.4112
672452.434245 9225577.48715 60.02 2.41 0.4141
672452.465808 9225582.98706 61.70 4.43 0.2255
672452.497371 9225588.48697 62.77 17.13 0.0584
672452.528935 9225593.98688 63.31 22.25 0.0449
672452.560498 9225599.48678 64.25 22.11 0.0452
672452.592061 9225604.98669 64.71 20.38 0.0491
672452.623625 9225610.4866 64.78 13.04 0.0767
672452.655188 9225615.98651 64.82 6.26 0.1598
672452.686751 9225621.48642 64.82 5.97 0.1675
672452.718315 9225626.98633 64.82 5.84 0.1712
672451.645162 9225439.98941 43.53 0.65 1.53
672451.676725 9225445.48932 44.50 0.66 1.52
672451.708288 9225450.98923 45.76 1.33 0.7536
672451.739852 9225456.48914 47.10 6.11 0.1637
672451.771415 9225461.98905 48.41 6.19 0.1616
672451.802978 9225467.48896 49.30 6.15 0.1625
672451.834542 9225472.98887 49.70 6.00 0.1667
672451.866105 9225478.48878 50.02 2.94 0.3405
672451.897668 9225483.98869 50.33 1.35 0.7402
672451.929232 9225489.4886 50.64 1.35 0.7402
672451.960795 9225494.98851 50.95 1.35 0.7386
672451.992358 9225500.48842 51.26 1.37 0.7321
672452.023922 9225505.98832 51.56 1.54 0.6489
672452.055485 9225511.48823 51.86 1.85 0.5420
672452.087048 9225516.98814 52.15 1.86 0.5365
672452.118611 9225522.48805 52.32 1.86 0.5373
672452.150175 9225527.98796 52.48 1.64 0.6079
672452.181738 9225533.48787 52.65 0.86 1.17
672452.213301 9225538.98778 52.71 0.49 2.04
672452.244865 9225544.48769 52.77 0.42 2.37
672452.276428 9225549.9876 52.82 0.42 2.37
672452.307991 9225555.48751 52.88 0.96 1.04
672452.339555 9225560.98742 52.94 2.32 0.4318
672452.371118 9225566.48733 52.99 2.45 0.4088
672452.402681 9225571.98724 53.24 2.43 0.4110
672452.434245 9225577.48715 54.03 2.42 0.4131
672452.465808 9225582.98706 55.49 2.89 0.3459
672452.497371 9225588.48697 56.40 3.29 0.3039
672452.528935 9225593.98688 56.86 3.64 0.2745
672452.560498 9225599.48678 57.63 3.72 0.2690
672452.592061 9225604.98669 58.00 3.82 0.2616
672452.623625 9225610.4866 58.06 3.92 0.2549
672452.655188 9225615.98651 58.09 4.14 0.2414
672451.708288 9225450.98923 39.91 0.64 1.56
672451.739852 9225456.48914 41.15 0.65 1.54
672451.771415 9225461.98905 42.34 0.72 1.39
672451.802978 9225467.48896 43.15 1.40 0.7128
672451.834542 9225472.98887 43.52 1.44 0.6964
672451.866105 9225478.48878 43.80 1.47 0.6803
672451.897668 9225483.98869 44.09 1.47 0.6821
672451.929232 9225489.4886 44.37 1.48 0.6775
672451.960795 9225494.98851 44.64 1.53 0.6515
672451.992358 9225500.48842 44.92 1.58 0.6313
672452.023922 9225505.98832 45.18 1.64 0.6109
672452.055485 9225511.48823 45.45 1.85 0.5402
672452.087048 9225516.98814 45.71 1.86 0.5368
672452.118611 9225522.48805 45.86 1.86 0.5376
672452.150175 9225527.98796 46.01 1.71 0.5855
672452.181738 9225533.48787 46.16 1.56 0.6418
672452.213301 9225538.98778 46.21 1.53 0.6549
672452.244865 9225544.48769 46.26 1.52 0.6566
672452.276428 9225549.9876 46.31 1.53 0.6553
672452.307991 9225555.48751 46.36 1.74 0.5750
672452.339555 9225560.98742 46.41 2.34 0.4281
672452.371118 9225566.48733 46.46 2.59 0.3867
672452.402681 9225571.98724 46.67 2.65 0.3774
672452.434245 9225577.48715 47.36 2.69 0.3712
672452.465808 9225582.98706 48.61 2.91 0.3441
672452.497371 9225588.48697 49.38 3.28 0.3045
672452.528935 9225593.98688 49.76 3.60 0.2777
672452.560498 9225599.48678 50.37 3.63 0.2751
672452.592061 9225604.98669 50.66 3.67 0.2727
672451.771415 9225461.98905 35.80 0.65 1.55
672451.802978 9225467.48896 36.49 1.25 0.7994
672451.834542 9225472.98887 36.81 1.50 0.6676
672451.866105 9225478.48878 37.05 1.54 0.6489
672451.897668 9225483.98869 37.29 1.79 0.5593
672451.929232 9225489.4886 37.53 1.86 0.5391
672451.960795 9225494.98851 37.76 1.97 0.5081
672451.992358 9225500.48842 37.99 2.24 0.4470
672452.023922 9225505.98832 38.21 2.37 0.4212
672452.055485 9225511.48823 38.43 2.46 0.4067
672452.087048 9225516.98814 38.65 2.52 0.3970
672452.118611 9225522.48805 38.78 2.56 0.3906
672452.150175 9225527.98796 38.89 2.59 0.3862
672452.181738 9225533.48787 39.02 2.61 0.3830
672452.213301 9225538.98778 39.06 2.64 0.3792
672452.244865 9225544.48769 39.10 2.73 0.3666
672452.276428 9225549.9876 39.14 3.00 0.3336
672452.307991 9225555.48751 39.18 3.54 0.2826
672452.339555 9225560.98742 39.22 4.11 0.2435
672452.371118 9225566.48733 39.26 4.13 0.2420
672452.402681 9225571.98724 39.44 4.10 0.2437
672452.434245 9225577.48715 39.99 3.97 0.2520
672452.465808 9225582.98706 40.96 3.84 0.2601
672452.497371 9225588.48697 41.55 3.74 0.2674
672452.528935 9225593.98688 41.82 3.65 0.2739
672451.834542 9225472.98887 29.55 2.97 0.3367
672451.866105 9225478.48878 29.76 2.65 0.3766
672451.897668 9225483.98869 29.97 2.65 0.3768
672451.929232 9225489.4886 30.18 2.66 0.3759
672451.960795 9225494.98851 30.38 2.69 0.3719
672451.992358 9225500.48842 30.58 2.81 0.3559
672452.023922 9225505.98832 30.77 2.90 0.3447
672452.055485 9225511.48823 30.97 2.98 0.3350
672452.087048 9225516.98814 31.15 3.08 0.3246
672452.118611 9225522.48805 31.26 3.16 0.3161
672452.150175 9225527.98796 31.36 3.25 0.3081
672452.181738 9225533.48787 31.47 3.33 0.3007
672452.213301 9225538.98778 31.50 3.45 0.2896
672452.244865 9225544.48769 31.54 3.70 0.2706
672452.276428 9225549.9876 31.57 4.31 0.2318
672452.307991 9225555.48751 31.61 5.77 0.1733
672452.339555 9225560.98742 31.64 9.19 0.1088
672452.371118 9225566.48733 31.68 10.69 0.0935
672452.402681 9225571.98724 31.83 12.30 0.0813
672452.434245 9225577.48715 32.29 14.63 0.0684
672452.465808 9225582.98706 33.09 19.49 0.0513
