672487.955585 9225477.82867 61.46 3.71 0.2697
672488.725975 9225483.27445 61.88 3.63 0.2756
672489.496365 9225488.72022 62.20 6.54 0.1529
672490.266755 9225494.166 62.60 8.17 0.1224
672491.037144 9225499.61178 63.40 7.94 0.1260
672491.807534 9225505.05756 64.42 8.75 0.1142
672492.577924 9225510.50334 65.45 8.20 0.1219
672493.348314 9225515.94911 66.47 7.95 0.1259
672494.118704 9225521.39489 68.36 8.89 0.1125
672494.889094 9225526.84067 70.30 6.76 0.1479
672495.659484 9225532.28645 71.27 12.77 0.0783
672496.429874 9225537.73223 72.04 22.29 0.0449
672497.200264 9225543.178 72.75 26.32 0.0380
672497.970654 9225548.62378 73.46 23.68 0.0422
672498.741044 9225554.06956 74.35 25.86 0.0387
672499.511433 9225559.51534 75.60 29.76 0.0336
672500.281823 9225564.96112 77.00 34.42 0.0291
672501.052213 9225570.4069 78.45 40.79 0.0245
672501.822603 9225575.85267 80.00 58.08 0.0172
672502.592993 9225581.29845 81.29 51.45 0.0194
672503.363383 9225586.74423 82.24 45.15 0.0221
672504.133773 9225592.19001 83.13 42.22 0.0237
672504.904163 9225597.63579 84.01 45.88 0.0218
672505.674553 9225603.08156 84.88 41.95 0.0238
672506.444943 9225608.52734 85.75 43.25 0.0231
672507.215333 9225613.97312 86.39 41.62 0.0240
672507.985722 9225619.4189 86.73 28.85 0.0347
672508.756112 9225624.86468 86.95 31.36 0.0319
672509.526502 9225630.31045 87.03 45.45 0.0220
672487.955585 9225477.82867 57.92 2.84 0.3519
672488.725975 9225483.27445 58.33 3.63 0.2756
672489.496365 9225488.72022 58.63 2.26 0.4417
672490.266755 9225494.166 59.01 1.44 0.6949
672491.037144 9225499.61178 59.77 1.85 0.5414
672491.807534 9225505.05756 60.75 1.35 0.7413
672492.577924 9225510.50334 61.72 2.15 0.4643
672493.348314 9225515.94911 62.69 3.92 0.2552
672494.118704 9225521.39489 64.47 9.70 0.1031
672494.889094 9225526.84067 66.30 20.49 0.0488
672495.659484 9225532.28645 67.21 6.83 0.1464
672496.429874 9225537.73223 67.92 3.43 0.2915
672497.200264 9225543.178 68.58 2.57 0.3885
672497.970654 9225548.62378 69.24 4.26 0.2347
672498.741044 9225554.06956 70.07 3.92 0.2550
672499.511433 9225559.51534 71.22 29.85 0.0335
672500.281823 9225564.96112 72.50 34.52 0.0290
672501.052213 9225570.4069 73.83 59.84 0.0167
672501.822603 9225575.85267 75.22 16.28 0.0614
672502.592993 9225581.29845 76.38 27.04 0.0370
672503.363383 9225586.74423 77.22 9.46 0.1057
672504.133773 9225592.19001 78.00 29.25 0.0342
672504.904163 9225597.63579 78.77 12.55 0.0797
672505.674553 9225603.08156 79.52 21.78 0.0459
672506.444943 9225608.52734 80.27 14.10 0.0709
672507.215333 9225613.97312 80.81 9.66 0.1035
672507.985722 9225619.4189 81.09 37.56 0.0266
672508.756112 9225624.86468 81.28 14.78 0.0677
672509.526502 9225630.31045 81.35 160.61 0.006226
672488.725975 9225483.27445 54.57 2.99 0.3340
672489.496365 9225488.72022 54.86 2.28 0.4396
672490.266755 9225494.166 55.22 2.36 0.4246
672491.037144 9225499.61178 55.94 7.22 0.1384
672491.807534 9225505.05756 56.87 10.54 0.0949
672492.577924 9225510.50334 57.79 10.93 0.0915
672493.348314 9225515.94911 58.70 13.76 0.0727
672494.118704 9225521.39489 60.38 2.43 0.4110
672494.889094 9225526.84067 62.09 1.04 0.9634
672495.659484 9225532.28645 62.94 1.04 0.9606
672496.429874 9225537.73223 63.60 3.76 0.2662
672497.200264 9225543.178 64.22 5.64 0.1774
672497.970654 9225548.62378 64.83 5.35 0.1868
672498.741044 9225554.06956 65.59 15.70 0.0637
672499.511433 9225559.51534 66.65 4.88 0.2049
672500.281823 9225564.96112 67.81 2.58 0.3877
672501.052213 9225570.4069 69.01 5.60 0.1787
672501.822603 9225575.85267 70.26 16.25 0.0615
672502.592993 9225581.29845 71.29 28.15 0.0355
672503.363383 9225586.74423 72.03 39.65 0.0252
672504.133773 9225592.19001 72.71 46.11 0.0217
672504.904163 9225597.63579 73.38 45.92 0.0218
672505.674553 9225603.08156 74.02 23.22 0.0431
672506.444943 9225608.52734 74.66 23.40 0.0427
672507.215333 9225613.97312 75.11 23.46 0.0426
672507.985722 9225619.4189 75.35 79.11 0.0126
672508.756112 9225624.86468 75.50 1.31 0.7624
672489.496365 9225488.72022 50.63 2.27 0.4398
672490.266755 9225494.166 50.97 2.29 0.4361
672491.037144 9225499.61178 51.66 7.19 0.1390
672491.807534 9225505.05756 52.53 10.53 0.0950
672492.577924 9225510.50334 53.40 10.90 0.0917
672493.348314 9225515.94911 54.26 10.96 0.0912
672494.118704 9225521.39489 55.82 6.02 0.1661
672494.889094 9225526.84067 57.42 6.03 0.1658
672495.659484 9225532.28645 58.20 6.26 0.1597
672496.429874 9225537.73223 58.81 10.88 0.0919
672497.200264 9225543.178 59.38 10.92 0.0916
672497.970654 9225548.62378 59.94 10.85 0.0922
672498.741044 9225554.06956 60.64 0.04 22.73
672499.511433 9225559.51534 61.59 45.14 0.0222
672500.281823 9225564.96112 62.65 44.96 0.0222
672501.052213 9225570.4069 63.72 40.57 0.0246
672501.822603 9225575.85267 64.83 25.02 0.0400
672502.592993 9225581.29845 65.73 24.46 0.0409
672503.363383 9225586.74423 66.37 4.02 0.2489
672504.133773 9225592.19001 66.96 4.00 0.2498
672504.904163 9225597.63579 67.52 3.97 0.2520
672505.674553 9225603.08156 68.06 3.95 0.2534
672506.444943 9225608.52734 68.59 3.95 0.2529
672507.215333 9225613.97312 68.96 23.43 0.0427
672507.985722 9225619.4189 69.15 79.26 0.0126
672490.266755 9225494.166 46.30 1.48 0.6770
672491.037144 9225499.61178 46.95 1.46 0.6835
672491.807534 9225505.05756 47.77 1.46 0.6835
672492.577924 9225510.50334 48.58 1.47 0.6803
672493.348314 9225515.94911 49.38 1.48 0.6739
672494.118704 9225521.39489 50.83 2.98 0.3356
672494.889094 9225526.84067 52.31 6.08 0.1646
672495.659484 9225532.28645 53.03 6.29 0.1590
672496.429874 9225537.73223 53.59 10.87 0.0920
672497.200264 9225543.178 54.10 10.92 0.0916
672497.970654 9225548.62378 54.61 10.90 0.0917
672498.741044 9225554.06956 55.25 0.04 22.73
672499.511433 9225559.51534 56.11 3.36 0.2978
672500.281823 9225564.96112 57.05 3.38 0.2962
672501.052213 9225570.4069 58.00 3.38 0.2958
672501.822603 9225575.85267 58.97 3.38 0.2957
672502.592993 9225581.29845 59.75 3.38 0.2955
672503.363383 9225586.74423 60.30 3.40 0.2944
672504.133773 9225592.19001 60.80 3.60 0.2779
672504.904163 9225597.63579 61.27 3.69 0.2706
672505.674553 9225603.08156 61.71 3.90 0.2561
672506.444943 9225608.52734 62.14 3.93 0.2546
672507.215333 9225613.97312 62.43 23.46 0.0426
672491.807534 9225505.05756 42.54 1.47 0.6821
672492.577924 9225510.50334 43.29 1.47 0.6798
672493.348314 9225515.94911 44.04 1.48 0.6752
672494.118704 9225521.39489 45.38 2.98 0.3357
672494.889094 9225526.84067 46.73 6.12 0.1633
672495.659484 9225532.28645 47.39 6.31 0.1585
672496.429874 9225537.73223 47.90 10.62 0.0942
672497.200264 9225543.178 48.37 10.66 0.0938
672497.970654 9225548.62378 48.83 10.65 0.0939
672498.741044 9225554.06956 49.40 3.37 0.2966
672499.511433 9225559.51534 50.16 3.37 0.2971
672500.281823 9225564.96112 51.00 3.38 0.2963
672501.052213 9225570.4069 51.83 3.38 0.2958
672501.822603 9225575.85267 52.67 3.38 0.2955
672502.592993 9225581.29845 53.34 3.39 0.2949
672503.363383 9225586.74423 53.80 3.40 0.2937
672504.133773 9225592.19001 54.21 3.60 0.2777
672504.904163 9225597.63579 54.59 3.70 0.2705
672505.674553 9225603.08156 54.95 3.91 0.2561
672493.348314 9225515.94911 38.03 1.48 0.6752
672494.118704 9225521.39489 39.25 3.04 0.3286
672494.889094 9225526.84067 40.48 6.19 0.1616
672495.659484 9225532.28645 41.08 6.32 0.1584
672496.429874 9225537.73223 41.54 6.40 0.1562
672497.200264 9225543.178 41.95 6.41 0.1559
672497.970654 9225548.62378 42.36 6.41 0.1561
672498.741044 9225554.06956 42.87 3.88 0.2575
672499.511433 9225559.51534 43.54 3.79 0.2640
672500.281823 9225564.96112 44.27 3.77 0.2652
672501.052213 9225570.4069 44.99 3.77 0.2655
672501.822603 9225575.85267 45.70 3.77 0.2655
672502.592993 9225581.29845 46.26 3.77 0.2652
672503.363383 9225586.74423 46.64 3.78 0.2646
672504.133773 9225592.19001 46.97 3.80 0.2632
672494.889094 9225526.84067 33.69 6.25 0.1601
672495.659484 9225532.28645 34.19 6.28 0.1594
672496.429874 9225537.73223 34.58 6.29 0.1591
672497.200264 9225543.178 34.92 6.28 0.1591
672497.970654 9225548.62378 35.27 6.26 0.1596
672498.741044 9225554.06956 35.68 3.98 0.2515
672499.511433 9225559.51534 36.23 3.83 0.2611
672500.281823 9225564.96112 36.82 3.82 0.2620
672501.052213 9225570.4069 37.39 3.81 0.2624
672501.822603 9225575.85267 37.93 3.81 0.2626
672502.592993 9225581.29845 38.35 3.81 0.2627
672496.429874 9225537.73223 27.15 6.27 0.1596
672497.200264 9225543.178 27.45 6.27 0.1596
672497.970654 9225548.62378 27.74 6.25 0.1601
672498.741044 9225554.06956 28.10 3.98 0.2509
672499.511433 9225559.51534 28.57 3.84 0.2604
672500.281823 9225564.96112 29.07 3.83 0.2614
672501.052213 9225570.4069 29.53 3.82 0.2618
