672446.324188 9225333.1537 56.14 2.54 0.3939
672446.441949 9225335.90118 56.50 1.28 0.7825
672446.55971 9225338.64865 56.87 24.75 0.0404
672446.67747 9225341.39613 57.22 4.03 0.2484
672446.795231 9225344.14361 57.54 31.25 0.0320
672446.912992 9225346.89109 57.82 8.39 0.1191
672447.030753 9225349.63856 58.11 32.50 0.0308
672447.148514 9225352.38604 58.40 5.29 0.1892
672447.266275 9225355.13352 58.74 10.11 0.0989
672447.384035 9225357.881 59.28 7.10 0.1409
672447.501796 9225360.62847 59.83 14.47 0.0691
672447.619557 9225363.37595 60.23 23.17 0.0432
672447.737318 9225366.12343 60.60 6.16 0.1623
672447.855079 9225368.87091 60.97 23.93 0.0418
672447.97284 9225371.61838 61.33 13.62 0.0734
672448.0906 9225374.36586 61.70 24.26 0.0412
672448.208361 9225377.11334 62.07 11.52 0.0868
672448.326122 9225379.86082 62.85 19.00 0.0526
672448.443883 9225382.60829 64.09 13.59 0.0736
672448.561644 9225385.35577 65.36 15.07 0.0664
672448.679404 9225388.10325 66.64 20.82 0.0480
672448.797594 9225390.86072 67.92 21.69 0.0461
672448.915354 9225393.60819 69.15 56.07 0.0178
672449.033115 9225396.35567 69.91 23.24 0.0430
672449.150876 9225399.10315 70.23 63.38 0.0158
672449.268637 9225401.85063 70.56 19.74 0.0507
672449.386398 9225404.5981 70.88 76.11 0.0131
672449.504158 9225407.34558 71.21 19.32 0.0518
672449.621919 9225410.09306 71.53 52.68 0.0190
672449.73968 9225412.84054 71.86 36.96 0.0271
672449.857441 9225415.58801 72.19 40.00 0.0250
672449.975202 9225418.33549 72.51 40.43 0.0247
672450.092963 9225421.08297 72.84 38.35 0.0261
672450.210723 9225423.83045 73.11 38.02 0.0263
672450.328484 9225426.57792 73.27 27.58 0.0363
672450.446245 9225429.3254 73.40 32.01 0.0312
672450.564006 9225432.07288 73.52 14.09 0.0710
672450.681767 9225434.82036 73.64 48.66 0.0206
672450.799528 9225437.56783 73.76 46.21 0.0216
672450.917288 9225440.31531 73.87 58.34 0.0171
672451.035049 9225443.06279 73.96 25.34 0.0395
672451.15281 9225445.81026 74.04 46.75 0.0214
672451.270571 9225448.55774 74.12 21.77 0.0459
672451.388332 9225451.30522 74.20 101.06 0.009895
672451.506093 9225454.0527 74.28 32.83 0.0305
672451.623853 9225456.80017 74.39 30.93 0.0323
672451.741614 9225459.54765 74.61 52.16 0.0192
672451.859375 9225462.29513 74.94 20.10 0.0498
672451.977136 9225465.04261 75.26 37.88 0.0264
672452.094897 9225467.79008 75.59 37.59 0.0266
672452.212657 9225470.53756 75.91 30.56 0.0327
672452.330418 9225473.28504 76.24 30.79 0.0325
672452.448179 9225476.03252 76.56 30.79 0.0325
672452.56594 9225478.77999 76.89 33.11 0.0302
672452.683701 9225481.52747 77.21 41.85 0.0239
672452.801462 9225484.27495 77.54 28.71 0.0348
672452.919222 9225487.02243 77.86 43.46 0.0230
672453.036983 9225489.7699 78.18 20.33 0.0492
672453.154744 9225492.51738 78.51 99.90 0.0100
672453.272505 9225495.26486 78.74 18.11 0.0552
672453.390266 9225498.01234 78.86 93.10 0.0107
672453.508027 9225500.75981 78.94 24.21 0.0413
672453.625787 9225503.50729 79.02 51.38 0.0195
672453.743548 9225506.25477 79.10 46.13 0.0217
672453.861309 9225509.00225 79.18 45.98 0.0217
672453.97907 9225511.74972 79.24 105.53 0.009476
672454.096831 9225514.4972 79.26 58.39 0.0171
672454.214592 9225517.24468 79.26 89.87 0.0111
672454.332352 9225519.99216 79.26 59.90 0.0167
672454.450113 9225522.73963 79.26 5.46 0.1831
672454.567874 9225525.48711 79.35 20.65 0.0484
672454.685635 9225528.23459 79.65 20.56 0.0486
672454.803396 9225530.98207 80.09 3.52 0.2843
672454.921156 9225533.72954 80.67 100.69 0.009931
672455.038917 9225536.47702 81.35 81.30 0.0123
672455.156678 9225539.2245 82.03 52.62 0.0190
672455.274439 9225541.97198 82.67 34.25 0.0292
672455.3922 9225544.71945 83.27 152.21 0.006570
672455.509961 9225547.46693 84.02 86.08 0.0116
672455.627721 9225550.21441 84.96 60.89 0.0164
672455.745482 9225552.96189 85.63 76.55 0.0131
672455.863243 9225555.70936 85.81 57.36 0.0174
672455.981004 9225558.45684 85.81 57.67 0.0173
672456.098765 9225561.20432 85.81 30.33 0.0330
672456.216526 9225563.9518 85.81 36.19 0.0276
672456.334286 9225566.69927 85.84 60.16 0.0166
672456.452047 9225569.44675 85.93 35.07 0.0285
672456.569808 9225572.19423 86.06 69.59 0.0144
672456.687569 9225574.94171 86.21 39.41 0.0254
672456.80533 9225577.68918 86.51 43.46 0.0230
672456.92309 9225580.43666 86.90 43.28 0.0231
672457.040851 9225583.18414 87.15 31.03 0.0322
672457.158612 9225585.93162 87.27 39.92 0.0251
672457.276373 9225588.67909 87.40 37.30 0.0268
672457.394134 9225591.42657 87.57 44.20 0.0226
672457.511895 9225594.17405 87.84 45.00 0.0222
672457.629655 9225596.92153 88.31 71.80 0.0139
672457.747416 9225599.669 88.74 89.61 0.0112
672457.865177 9225602.41648 88.88 117.84 0.008486
672457.982938 9225605.16396 88.88 38.83 0.0258
672458.100699 9225607.91143 88.88 46.42 0.0215
672458.21846 9225610.65891 88.88 46.98 0.0213
672458.33622 9225613.40639 88.88 48.53 0.0206
672458.453981 9225616.15387 88.88 20.71 0.0483
672458.571742 9225618.90134 88.98 28.12 0.0356
672458.689503 9225621.64882 89.18 37.80 0.0265
672446.324188 9225333.1537 54.54 7.75 0.1291
672446.441949 9225335.90118 54.91 31.22 0.0320
672446.55971 9225338.64865 55.27 24.66 0.0406
672446.67747 9225341.39613 55.61 6.62 0.1511
672446.795231 9225344.14361 55.92 30.75 0.0325
672446.912992 9225346.89109 56.20 8.40 0.1190
672447.030753 9225349.63856 56.49 13.88 0.0720
672447.148514 9225352.38604 56.77 6.23 0.1605
672447.266275 9225355.13352 57.10 6.27 0.1594
672447.384035 9225357.881 57.64 6.25 0.1600
672447.501796 9225360.62847 58.18 6.26 0.1598
672447.619557 9225363.37595 58.57 6.24 0.1602
672447.737318 9225366.12343 58.93 6.17 0.1621
672447.855079 9225368.87091 59.29 13.68 0.0731
672447.97284 9225371.61838 59.65 13.59 0.0736
672448.0906 9225374.36586 60.01 13.56 0.0737
672448.208361 9225377.11334 60.38 11.61 0.0861
672448.326122 9225379.86082 61.14 19.07 0.0524
672448.443883 9225382.60829 62.36 13.56 0.0737
672448.561644 9225385.35577 63.61 13.77 0.0726
672448.679404 9225388.10325 64.86 21.69 0.0461
672448.797594 9225390.86072 66.11 21.81 0.0459
672448.915354 9225393.60819 67.31 55.42 0.0180
672449.033115 9225396.35567 68.05 23.28 0.0430
672449.150876 9225399.10315 68.37 38.89 0.0257
672449.268637 9225401.85063 68.69 19.81 0.0505
672449.386398 9225404.5981 69.00 21.87 0.0457
672449.504158 9225407.34558 69.32 17.87 0.0560
672449.621919 9225410.09306 69.64 16.61 0.0602
672449.73968 9225412.84054 69.96 16.59 0.0603
672449.857441 9225415.58801 70.27 16.58 0.0603
672449.975202 9225418.33549 70.59 9.54 0.1048
672450.092963 9225421.08297 70.91 9.54 0.1048
672450.210723 9225423.83045 71.17 8.40 0.1190
672450.328484 9225426.57792 71.33 8.37 0.1195
672450.446245 9225429.3254 71.45 9.81 0.1019
672450.564006 9225432.07288 71.57 8.70 0.1149
672450.681767 9225434.82036 71.69 8.71 0.1148
672450.799528 9225437.56783 71.81 19.68 0.0508
672450.917288 9225440.31531 71.91 41.54 0.0241
672451.035049 9225443.06279 72.00 25.30 0.0395
672451.15281 9225445.81026 72.08 21.66 0.0462
672451.270571 9225448.55774 72.16 21.74 0.0460
672451.388332 9225451.30522 72.24 33.88 0.0295
672451.506093 9225454.0527 72.31 33.39 0.0299
672451.623853 9225456.80017 72.41 35.13 0.0285
672451.741614 9225459.54765 72.63 35.18 0.0284
672451.859375 9225462.29513 72.95 17.11 0.0584
672451.977136 9225465.04261 73.26 81.95 0.0122
672452.094897 9225467.79008 73.58 82.46 0.0121
672452.212657 9225470.53756 73.90 16.44 0.0608
672452.330418 9225473.28504 74.21 14.85 0.0673
672452.448179 9225476.03252 74.52 35.41 0.0282
672452.56594 9225478.77999 74.84 34.40 0.0291
672452.683701 9225481.52747 75.15 13.02 0.0768
672452.801462 9225484.27495 75.47 28.78 0.0347
672452.919222 9225487.02243 75.78 31.52 0.0317
672453.036983 9225489.7699 76.09 18.02 0.0555
672453.154744 9225492.51738 76.41 74.67 0.0134
672453.272505 9225495.26486 76.64 68.35 0.0146
672453.390266 9225498.01234 76.75 91.63 0.0109
672453.508027 9225500.75981 76.82 36.35 0.0275
672453.625787 9225503.50729 76.90 32.83 0.0305
672453.743548 9225506.25477 76.98 32.50 0.0308
672453.861309 9225509.00225 77.06 46.17 0.0217
672453.97907 9225511.74972 77.12 105.85 0.009447
672454.096831 9225514.4972 77.13 7.14 0.1401
672454.214592 9225517.24468 77.13 10.07 0.0993
672454.332352 9225519.99216 77.13 60.17 0.0166
672454.450113 9225522.73963 77.13 6.91 0.1447
672454.567874 9225525.48711 77.22 21.18 0.0472
672454.685635 9225528.23459 77.51 21.42 0.0467
672454.803396 9225530.98207 77.93 3.51 0.2847
672454.921156 9225533.72954 78.49 25.77 0.0388
672455.038917 9225536.47702 79.14 25.82 0.0387
672455.156678 9225539.2245 79.80 25.66 0.0390
672455.274439 9225541.97198 80.41 34.65 0.0289
672455.3922 9225544.71945 80.99 152.07 0.006576
672455.509961 9225547.46693 81.71 86.59 0.0115
672455.627721 9225550.21441 82.61 152.57 0.006554
672455.745482 9225552.96189 83.25 76.65 0.0130
672455.863243 9225555.70936 83.42 44.18 0.0226
672455.981004 9225558.45684 83.42 79.61 0.0126
672456.098765 9225561.20432 83.42 72.37 0.0138
672456.216526 9225563.9518 83.42 43.77 0.0228
672456.334286 9225566.69927 83.45 41.59 0.0240
672456.452047 9225569.44675 83.54 35.20 0.0284
672456.569808 9225572.19423 83.65 69.46 0.0144
672456.687569 9225574.94171 83.80 35.10 0.0285
672456.80533 9225577.68918 84.09 67.30 0.0149
672456.92309 9225580.43666 84.46 193.47 0.005169
672457.040851 9225583.18414 84.69 70.42 0.0142
672457.158612 9225585.93162 84.81 61.29 0.0163
672457.276373 9225588.67909 84.93 61.08 0.0164
672457.394134 9225591.42657 85.09 77.76 0.0129
672457.511895 9225594.17405 85.35 79.28 0.0126
672457.629655 9225596.92153 85.79 25.36 0.0394
672457.747416 9225599.669 86.20 25.15 0.0398
672457.865177 9225602.41648 86.33 55.28 0.0181
672457.982938 9225605.16396 86.33 47.50 0.0211
672458.100699 9225607.91143 86.33 46.94 0.0213
672458.21846 9225610.65891 86.33 47.05 0.0213
672458.33622 9225613.40639 86.33 24.63 0.0406
672458.453981 9225616.15387 86.33 23.23 0.0430
672458.571742 9225618.90134 86.42 160.05 0.006248
672458.689503 9225621.64882 86.61 33.72 0.0297
672446.324188 9225333.1537 52.86 7.77 0.1287
672446.441949 9225335.90118 53.22 7.65 0.1307
672446.55971 9225338.64865 53.58 6.42 0.1558
672446.67747 9225341.39613 53.92 6.50 0.1539
672446.795231 9225344.14361 54.22 6.63 0.1509
672446.912992 9225346.89109 54.50 6.28 0.1594
672447.030753 9225349.63856 54.78 6.28 0.1593
672447.148514 9225352.38604 55.05 6.23 0.1606
672447.266275 9225355.13352 55.38 6.18 0.1619
672447.384035 9225357.881 55.90 5.79 0.1727
672447.501796 9225360.62847 56.44 4.40 0.2275
672447.619557 9225363.37595 56.82 3.78 0.2647
672447.737318 9225366.12343 57.18 3.79 0.2639
672447.855079 9225368.87091 57.53 3.93 0.2545
672447.97284 9225371.61838 57.89 3.92 0.2548
672448.0906 9225374.36586 58.24 3.61 0.2767
672448.208361 9225377.11334 58.59 3.53 0.2835
672448.326122 9225379.86082 59.35 4.84 0.2067
672448.443883 9225382.60829 60.53 4.84 0.2067
672448.561644 9225385.35577 61.76 13.09 0.0764
672448.679404 9225388.10325 62.98 13.72 0.0729
672448.797594 9225390.86072 64.20 12.41 0.0806
672448.915354 9225393.60819 65.38 9.64 0.1037
672449.033115 9225396.35567 66.10 9.62 0.1040
672449.150876 9225399.10315 66.41 10.02 0.0998
672449.268637 9225401.85063 66.72 10.03 0.0997
672449.386398 9225404.5981 67.03 9.99 0.1001
672449.504158 9225407.34558 67.34 6.05 0.1652
672449.621919 9225410.09306 67.65 6.05 0.1654
672449.73968 9225412.84054 67.96 7.00 0.1428
672449.857441 9225415.58801 68.26 7.01 0.1426
672449.975202 9225418.33549 68.57 2.79 0.3582
672450.092963 9225421.08297 68.88 3.03 0.3303
672450.210723 9225423.83045 69.14 3.04 0.3289
672450.328484 9225426.57792 69.29 1.94 0.5163
672450.446245 9225429.3254 69.41 1.94 0.5152
672450.564006 9225432.07288 69.53 4.40 0.2275
672450.681767 9225434.82036 69.64 4.39 0.2279
672450.799528 9225437.56783 69.76 1.86 0.5391
672450.917288 9225440.31531 69.86 1.88 0.5308
672451.035049 9225443.06279 69.94 4.18 0.2394
672451.15281 9225445.81026 70.02 4.07 0.2455
672451.270571 9225448.55774 70.09 1.40 0.7128
672451.388332 9225451.30522 70.17 1.11 0.8993
672451.506093 9225454.0527 70.25 1.13 0.8811
672451.623853 9225456.80017 70.35 5.04 0.1983
672451.741614 9225459.54765 70.56 5.04 0.1985
672451.859375 9225462.29513 70.86 1.08 0.9251
672451.977136 9225465.04261 71.17 1.08 0.9234
672452.094897 9225467.79008 71.48 1.10 0.9074
672452.212657 9225470.53756 71.78 1.96 0.5107
672452.330418 9225473.28504 72.09 3.46 0.2886
672452.448179 9225476.03252 72.39 3.46 0.2887
672452.56594 9225478.77999 72.69 0.57 1.74
672452.683701 9225481.52747 73.00 0.57 1.75
672452.801462 9225484.27495 73.30 5.01 0.1998
672452.919222 9225487.02243 73.60 5.04 0.1984
672453.036983 9225489.7699 73.91 2.51 0.3990
672453.154744 9225492.51738 74.21 3.20 0.3129
672453.272505 9225495.26486 74.43 3.33 0.3006
672453.390266 9225498.01234 74.54 3.34 0.2997
672453.508027 9225500.75981 74.61 3.39 0.2950
672453.625787 9225503.50729 74.69 8.67 0.1154
672453.743548 9225506.25477 74.76 8.65 0.1156
672453.861309 9225509.00225 74.84 3.11 0.3212
672453.97907 9225511.74972 74.89 3.29 0.3037
672454.096831 9225514.4972 74.91 3.96 0.2527
672454.214592 9225517.24468 74.91 10.08 0.0992
672454.332352 9225519.99216 74.91 10.21 0.0979
672454.450113 9225522.73963 74.91 3.35 0.2984
672454.567874 9225525.48711 75.00 5.00 0.2002
672454.685635 9225528.23459 75.27 5.11 0.1958
672454.803396 9225530.98207 75.68 3.04 0.3285
672454.921156 9225533.72954 76.21 6.14 0.1630
672455.038917 9225536.47702 76.84 7.29 0.1372
672455.156678 9225539.2245 77.47 4.23 0.2362
672455.274439 9225541.97198 78.06 4.23 0.2364
672455.3922 9225544.71945 78.61 47.32 0.0211
672455.509961 9225547.46693 79.30 47.22 0.0212
672455.627721 9225550.21441 80.16 152.20 0.006570
672455.745482 9225552.96189 80.76 77.36 0.0129
672455.863243 9225555.70936 80.92 44.28 0.0226
672455.981004 9225558.45684 80.92 56.96 0.0176
672456.098765 9225561.20432 80.92 56.92 0.0176
672456.216526 9225563.9518 80.92 43.77 0.0228
672456.334286 9225566.69927 80.95 41.29 0.0242
672456.452047 9225569.44675 81.04 30.60 0.0327
672456.569808 9225572.19423 81.15 30.67 0.0326
672456.687569 9225574.94171 81.29 31.04 0.0322
672456.80533 9225577.68918 81.56 67.11 0.0149
672456.92309 9225580.43666 81.91 191.41 0.005224
672457.040851 9225583.18414 82.13 71.98 0.0139
672457.158612 9225585.93162 82.24 59.18 0.0169
672457.276373 9225588.67909 82.36 58.90 0.0170
672457.394134 9225591.42657 82.51 78.17 0.0128
672457.511895 9225594.17405 82.75 79.73 0.0125
672457.629655 9225596.92153 83.17 38.59 0.0259
672457.747416 9225599.669 83.56 36.55 0.0274
672457.865177 9225602.41648 83.68 38.19 0.0262
672457.982938 9225605.16396 83.68 38.27 0.0261
672458.100699 9225607.91143 83.68 27.54 0.0363
672458.21846 9225610.65891 83.68 24.61 0.0406
672458.33622 9225613.40639 83.68 24.50 0.0408
672458.453981 9225616.15387 83.68 24.85 0.0402
672458.571742 9225618.90134 83.77 159.83 0.006257
672458.689503 9225621.64882 83.95 21.99 0.0455
672446.441949 9225335.90118 51.35 7.78 0.1285
672446.55971 9225338.64865 51.70 6.50 0.1539
672446.67747 9225341.39613 52.03 6.47 0.1545
672446.795231 9225344.14361 52.33 2.55 0.3920
672446.912992 9225346.89109 52.60 2.54 0.3943
672447.030753 9225349.63856 52.87 2.56 0.3908
672447.148514 9225352.38604 53.15 4.72 0.2119
672447.266275 9225355.13352 53.47 4.73 0.2116
672447.384035 9225357.881 53.98 4.70 0.2125
672447.501796 9225360.62847 54.51 4.28 0.2338
672447.619557 9225363.37595 54.88 3.65 0.2738
672447.737318 9225366.12343 55.23 3.65 0.2740
672447.855079 9225368.87091 55.58 3.67 0.2723
672447.97284 9225371.61838 55.92 3.67 0.2721
672448.0906 9225374.36586 56.27 3.60 0.2775
672448.208361 9225377.11334 56.62 3.52 0.2838
672448.326122 9225379.86082 57.35 3.73 0.2677
672448.443883 9225382.60829 58.51 4.11 0.2431
672448.561644 9225385.35577 59.71 4.13 0.2424
672448.679404 9225388.10325 60.90 4.11 0.2431
672448.797594 9225390.86072 62.09 2.83 0.3534
672448.915354 9225393.60819 63.24 2.82 0.3544
672449.033115 9225396.35567 63.94 2.83 0.3531
672449.150876 9225399.10315 64.24 3.17 0.3158
672449.268637 9225401.85063 64.54 3.21 0.3112
672449.386398 9225404.5981 64.84 3.21 0.3113
672449.504158 9225407.34558 65.14 2.54 0.3940
672449.621919 9225410.09306 65.44 2.47 0.4050
672449.73968 9225412.84054 65.74 2.47 0.4055
672449.857441 9225415.58801 66.04 2.45 0.4082
672449.975202 9225418.33549 66.34 2.34 0.4268
672450.092963 9225421.08297 66.64 3.01 0.3326
672450.210723 9225423.83045 66.89 3.04 0.3289
672450.328484 9225426.57792 67.04 1.95 0.5131
672450.446245 9225429.3254 67.15 1.95 0.5133
672450.564006 9225432.07288 67.26 4.39 0.2276
672450.681767 9225434.82036 67.38 4.38 0.2282
672450.799528 9225437.56783 67.49 1.49 0.6720
672450.917288 9225440.31531 67.59 1.49 0.6707
672451.035049 9225443.06279 67.67 2.36 0.4246
672451.15281 9225445.81026 67.74 2.84 0.3525
672451.270571 9225448.55774 67.81 2.83 0.3534
672451.388332 9225451.30522 67.89 2.83 0.3534
672451.506093 9225454.0527 67.96 3.05 0.3279
672451.623853 9225456.80017 68.06 5.03 0.1986
672451.741614 9225459.54765 68.26 5.02 0.1992
672451.859375 9225462.29513 68.56 1.08 0.9234
672451.977136 9225465.04261 68.85 1.08 0.9251
672452.094897 9225467.79008 69.15 1.10 0.9124
672452.212657 9225470.53756 69.44 1.96 0.5105
672452.330418 9225473.28504 69.74 3.50 0.2856
672452.448179 9225476.03252 70.03 3.51 0.2848
672452.56594 9225478.77999 70.32 3.51 0.2853
672452.683701 9225481.52747 70.62 3.52 0.2843
672452.801462 9225484.27495 70.91 4.99 0.2003
672452.919222 9225487.02243 71.20 4.98 0.2008
672453.036983 9225489.7699 71.49 2.52 0.3970
672453.154744 9225492.51738 71.78 3.19 0.3138
672453.272505 9225495.26486 71.99 3.31 0.3018
672453.390266 9225498.01234 72.10 3.32 0.3010
672453.508027 9225500.75981 72.17 3.39 0.2951
672453.625787 9225503.50729 72.24 5.74 0.1741
672453.743548 9225506.25477 72.31 5.73 0.1744
672453.861309 9225509.00225 72.39 2.99 0.3347
672453.97907 9225511.74972 72.44 2.99 0.3344
672454.096831 9225514.4972 72.46 3.93 0.2543
672454.214592 9225517.24468 72.46 6.50 0.1538
672454.332352 9225519.99216 72.46 6.47 0.1546
672454.450113 9225522.73963 72.46 3.02 0.3309
672454.567874 9225525.48711 72.54 3.03 0.3306
672454.685635 9225528.23459 72.80 3.03 0.3304
672454.803396 9225530.98207 73.19 3.02 0.3308
672454.921156 9225533.72954 73.71 6.15 0.1626
672455.038917 9225536.47702 74.31 6.64 0.1505
672455.156678 9225539.2245 74.91 4.25 0.2355
672455.274439 9225541.97198 75.47 4.23 0.2366
672455.3922 9225544.71945 75.99 4.37 0.2288
672455.509961 9225547.46693 76.65 4.38 0.2282
672455.627721 9225550.21441 77.46 18.31 0.0546
672455.745482 9225552.96189 78.04 18.58 0.0538
672455.863243 9225555.70936 78.19 18.67 0.0536
672455.981004 9225558.45684 78.19 18.88 0.0530
672456.098765 9225561.20432 78.19 22.54 0.0444
672456.216526 9225563.9518 78.19 28.98 0.0345
672456.334286 9225566.69927 78.22 29.59 0.0338
672456.452047 9225569.44675 78.30 29.85 0.0335
672456.569808 9225572.19423 78.40 30.22 0.0331
672456.687569 9225574.94171 78.54 30.29 0.0330
672456.80533 9225577.68918 78.79 22.57 0.0443
672456.92309 9225580.43666 79.12 5.59 0.1789
672457.040851 9225583.18414 79.33 3.21 0.3112
672457.158612 9225585.93162 79.43 3.19 0.3132
672457.276373 9225588.67909 79.54 3.21 0.3118
672457.394134 9225591.42657 79.68 19.67 0.0508
672457.511895 9225594.17405 79.91 38.74 0.0258
672457.629655 9225596.92153 80.30 38.67 0.0259
672457.747416 9225599.669 80.67 37.73 0.0265
672457.865177 9225602.41648 80.78 37.65 0.0266
672457.982938 9225605.16396 80.78 19.19 0.0521
672458.100699 9225607.91143 80.78 10.05 0.0995
672458.21846 9225610.65891 80.78 10.05 0.0995
672458.33622 9225613.40639 80.78 12.63 0.0792
672458.453981 9225616.15387 80.78 22.32 0.0448
672458.571742 9225618.90134 80.86 22.12 0.0452
672446.67747 9225341.39613 49.94 7.77 0.1287
672446.795231 9225344.14361 50.23 2.49 0.4008
672446.912992 9225346.89109 50.50 2.49 0.4013
672447.030753 9225349.63856 50.77 2.50 0.3994
672447.148514 9225352.38604 51.03 2.71 0.3685
672447.266275 9225355.13352 51.35 4.30 0.2325
672447.384035 9225357.881 51.85 4.30 0.2325
672447.501796 9225360.62847 52.37 4.26 0.2348
672447.619557 9225363.37595 52.73 3.65 0.2740
672447.737318 9225366.12343 53.07 3.65 0.2742
672447.855079 9225368.87091 53.41 3.66 0.2729
672447.97284 9225371.61838 53.75 3.67 0.2728
672448.0906 9225374.36586 54.09 3.62 0.2761
672448.208361 9225377.11334 54.43 3.61 0.2768
672448.326122 9225379.86082 55.14 3.73 0.2679
672448.443883 9225382.60829 56.28 4.11 0.2435
672448.561644 9225385.35577 57.44 4.11 0.2430
672448.679404 9225388.10325 58.61 4.07 0.2456
672448.797594 9225390.86072 59.76 2.82 0.3541
672448.915354 9225393.60819 60.87 2.82 0.3551
672449.033115 9225396.35567 61.55 2.83 0.3535
672449.150876 9225399.10315 61.85 2.86 0.3498
672449.268637 9225401.85063 62.14 2.87 0.3482
672449.386398 9225404.5981 62.43 2.87 0.3486
672449.504158 9225407.34558 62.72 2.52 0.3971
672449.621919 9225410.09306 63.01 2.07 0.4824
672449.73968 9225412.84054 63.30 2.06 0.4859
672449.857441 9225415.58801 63.59 2.05 0.4869
672449.975202 9225418.33549 63.88 2.06 0.4857
672450.092963 9225421.08297 64.17 3.00 0.3334
672450.210723 9225423.83045 64.40 5.59 0.1788
672450.328484 9225426.57792 64.55 5.59 0.1788
672450.446245 9225429.3254 64.66 5.57 0.1794
672450.564006 9225432.07288 64.77 5.55 0.1801
672450.681767 9225434.82036 64.88 4.50 0.2221
672450.799528 9225437.56783 64.99 1.49 0.6702
672450.917288 9225440.31531 65.08 1.49 0.6698
672451.035049 9225443.06279 65.16 2.03 0.4924
672451.15281 9225445.81026 65.23 2.82 0.3542
672451.270571 9225448.55774 65.30 3.12 0.3202
672451.388332 9225451.30522 65.37 4.31 0.2321
672451.506093 9225454.0527 65.44 4.96 0.2015
672451.623853 9225456.80017 65.54 5.02 0.1990
672451.741614 9225459.54765 65.73 5.01 0.1997
672451.859375 9225462.29513 66.02 4.03 0.2479
672451.977136 9225465.04261 66.30 3.93 0.2543
672452.094897 9225467.79008 66.59 3.94 0.2541
672452.212657 9225470.53756 66.87 4.50 0.2222
672452.330418 9225473.28504 67.15 7.21 0.1387
672452.448179 9225476.03252 67.43 7.24 0.1381
672452.56594 9225478.77999 67.72 7.21 0.1386
672452.683701 9225481.52747 68.00 6.93 0.1442
672452.801462 9225484.27495 68.28 5.42 0.1844
672452.919222 9225487.02243 68.56 4.99 0.2003
672453.036983 9225489.7699 68.84 3.50 0.2856
672453.154744 9225492.51738 69.11 3.50 0.2856
672453.272505 9225495.26486 69.32 3.51 0.2851
672453.390266 9225498.01234 69.41 3.52 0.2842
672453.508027 9225500.75981 69.48 4.26 0.2346
672453.625787 9225503.50729 69.55 5.64 0.1774
672453.743548 9225506.25477 69.62 5.63 0.1776
672453.861309 9225509.00225 69.69 2.99 0.3346
672453.97907 9225511.74972 69.74 2.99 0.3348
672454.096831 9225514.4972 69.76 3.45 0.2901
672454.214592 9225517.24468 69.76 3.73 0.2682
672454.332352 9225519.99216 69.76 3.72 0.2686
672454.450113 9225522.73963 69.76 3.02 0.3316
672454.567874 9225525.48711 69.84 3.01 0.3323
672454.685635 9225528.23459 70.09 3.01 0.3321
672454.803396 9225530.98207 70.46 3.02 0.3312
672454.921156 9225533.72954 70.95 6.37 0.1570
672455.038917 9225536.47702 71.52 6.61 0.1514
672455.156678 9225539.2245 72.09 6.18 0.1619
672455.274439 9225541.97198 72.63 4.38 0.2286
672455.3922 9225544.71945 73.12 4.37 0.2289
672455.509961 9225547.46693 73.74 4.35 0.2298
672455.627721 9225550.21441 74.51 4.28 0.2338
672455.745482 9225552.96189 75.05 4.21 0.2374
672455.863243 9225555.70936 75.20 4.15 0.2410
672455.981004 9225558.45684 75.20 4.14 0.2414
672456.098765 9225561.20432 75.20 4.16 0.2403
672456.216526 9225563.9518 75.20 14.44 0.0693
672456.334286 9225566.69927 75.22 26.48 0.0378
672456.452047 9225569.44675 75.30 29.69 0.0337
672456.569808 9225572.19423 75.39 29.97 0.0334
672456.687569 9225574.94171 75.52 29.98 0.0334
672456.80533 9225577.68918 75.76 21.91 0.0456
672456.92309 9225580.43666 76.07 5.19 0.1927
672457.040851 9225583.18414 76.26 3.21 0.3114
672457.158612 9225585.93162 76.36 3.19 0.3133
672457.276373 9225588.67909 76.46 3.20 0.3123
672457.394134 9225591.42657 76.59 3.43 0.2914
672457.511895 9225594.17405 76.81 7.46 0.1340
672457.629655 9225596.92153 77.17 8.67 0.1153
672457.747416 9225599.669 77.51 8.68 0.1152
672457.865177 9225602.41648 77.61 8.65 0.1156
672457.982938 9225605.16396 77.61 8.60 0.1162
672458.100699 9225607.91143 77.61 8.59 0.1164
672458.21846 9225610.65891 77.61 8.63 0.1159
672458.33622 9225613.40639 77.61 11.17 0.0895
672446.912992 9225346.89109 48.18 2.49 0.4021
672447.030753 9225349.63856 48.44 2.49 0.4008
672447.148514 9225352.38604 48.70 2.57 0.3894
672447.266275 9225355.13352 49.01 4.29 0.2329
672447.384035 9225357.881 49.50 4.30 0.2327
672447.501796 9225360.62847 50.00 4.27 0.2344
672447.619557 9225363.37595 50.36 3.91 0.2559
672447.737318 9225366.12343 50.69 3.90 0.2564
672447.855079 9225368.87091 51.02 3.91 0.2556
672447.97284 9225371.61838 51.35 3.94 0.2539
672448.0906 9225374.36586 51.68 3.96 0.2528
672448.208361 9225377.11334 52.01 3.97 0.2516
672448.326122 9225379.86082 52.71 4.02 0.2488
672448.443883 9225382.60829 53.81 4.11 0.2432
672448.561644 9225385.35577 54.94 4.12 0.2427
672448.679404 9225388.10325 56.07 4.06 0.2461
672448.797594 9225390.86072 57.19 2.82 0.3541
672448.915354 9225393.60819 58.27 2.82 0.3550
672449.033115 9225396.35567 58.93 2.83 0.3537
672449.150876 9225399.10315 59.21 2.84 0.3521
672449.268637 9225401.85063 59.49 2.85 0.3515
672449.386398 9225404.5981 59.77 2.84 0.3524
672449.504158 9225407.34558 60.05 2.51 0.3990
672449.621919 9225410.09306 60.33 2.07 0.4843
672449.73968 9225412.84054 60.61 2.05 0.4883
672449.857441 9225415.58801 60.89 2.05 0.4888
672449.975202 9225418.33549 61.17 2.05 0.4869
672450.092963 9225421.08297 61.45 2.99 0.3339
672450.210723 9225423.83045 61.68 6.88 0.1453
672450.328484 9225426.57792 61.82 6.91 0.1448
672450.446245 9225429.3254 61.92 6.90 0.1449
672450.564006 9225432.07288 62.03 6.88 0.1454
672450.681767 9225434.82036 62.13 5.40 0.1852
672450.799528 9225437.56783 62.24 2.00 0.5005
672450.917288 9225440.31531 62.33 1.99 0.5023
672451.035049 9225443.06279 62.40 2.01 0.4970
672451.15281 9225445.81026 62.47 2.75 0.3632
672451.270571 9225448.55774 62.54 3.13 0.3196
672451.388332 9225451.30522 62.61 4.32 0.2316
672451.506093 9225454.0527 62.68 4.96 0.2016
672451.623853 9225456.80017 62.76 4.98 0.2008
672451.741614 9225459.54765 62.95 4.96 0.2015
672451.859375 9225462.29513 63.23 4.15 0.2407
672451.977136 9225465.04261 63.50 4.14 0.2414
672452.094897 9225467.79008 63.77 4.15 0.2407
672452.212657 9225470.53756 64.04 4.52 0.2210
672452.330418 9225473.28504 64.31 7.22 0.1384
672452.448179 9225476.03252 64.58 7.25 0.1379
672452.56594 9225478.77999 64.85 7.23 0.1383
672452.683701 9225481.52747 65.12 7.03 0.1423
672452.801462 9225484.27495 65.39 5.59 0.1788
672452.919222 9225487.02243 65.66 5.23 0.1912
672453.036983 9225489.7699 65.92 5.22 0.1916
672453.154744 9225492.51738 66.19 5.23 0.1914
672453.272505 9225495.26486 66.38 5.25 0.1905
672453.390266 9225498.01234 66.48 5.29 0.1891
672453.508027 9225500.75981 66.54 5.36 0.1864
672453.625787 9225503.50729 66.61 5.55 0.1801
672453.743548 9225506.25477 66.67 5.55 0.1802
672453.861309 9225509.00225 66.74 2.99 0.3341
672453.97907 9225511.74972 66.79 2.98 0.3352
672454.096831 9225514.4972 66.80 2.99 0.3342
672454.214592 9225517.24468 66.80 3.00 0.3337
672454.332352 9225519.99216 66.80 2.99 0.3340
672454.450113 9225522.73963 66.80 2.98 0.3355
672454.567874 9225525.48711 66.88 2.98 0.3358
672454.685635 9225528.23459 67.12 2.98 0.3351
672454.803396 9225530.98207 67.47 3.01 0.3328
672454.921156 9225533.72954 67.94 6.37 0.1569
672455.038917 9225536.47702 68.48 6.43 0.1555
672455.156678 9225539.2245 69.02 6.20 0.1614
672455.274439 9225541.97198 69.52 4.50 0.2223
672455.3922 9225544.71945 69.99 4.39 0.2275
672455.509961 9225547.46693 70.57 4.35 0.2298
672455.627721 9225550.21441 71.29 4.26 0.2347
672455.745482 9225552.96189 71.80 4.06 0.2464
672455.863243 9225555.70936 71.93 3.95 0.2528
672455.981004 9225558.45684 71.93 3.93 0.2541
672456.098765 9225561.20432 71.93 3.94 0.2539
672456.216526 9225563.9518 71.93 4.04 0.2474
672456.334286 9225566.69927 71.96 6.46 0.1548
672456.452047 9225569.44675 72.03 7.11 0.1406
672456.569808 9225572.19423 72.12 7.15 0.1398
672456.687569 9225574.94171 72.24 7.15 0.1398
672456.80533 9225577.68918 72.46 7.12 0.1404
672456.92309 9225580.43666 72.75 5.01 0.1995
672457.040851 9225583.18414 72.93 3.22 0.3102
672457.158612 9225585.93162 73.02 3.21 0.3117
672457.276373 9225588.67909 73.11 3.21 0.3111
672457.394134 9225591.42657 73.23 3.40 0.2937
672457.511895 9225594.17405 73.43 5.55 0.1803
672457.629655 9225596.92153 73.77 5.89 0.1698
672457.747416 9225599.669 74.08 5.90 0.1694
672457.865177 9225602.41648 74.18 5.90 0.1694
672457.982938 9225605.16396 74.18 5.90 0.1695
672458.100699 9225607.91143 74.18 5.90 0.1695
672447.148514 9225352.38604 46.10 2.54 0.3935
672447.266275 9225355.13352 46.40 4.33 0.2311
672447.384035 9225357.881 46.88 4.37 0.2290
672447.501796 9225360.62847 47.37 4.39 0.2280
672447.619557 9225363.37595 47.71 4.40 0.2272
672447.737318 9225366.12343 48.04 4.43 0.2257
672447.855079 9225368.87091 48.36 4.47 0.2236
672447.97284 9225371.61838 48.68 4.50 0.2223
672448.0906 9225374.36586 49.00 4.51 0.2216
672448.208361 9225377.11334 49.32 4.52 0.2212
672448.326122 9225379.86082 50.00 4.53 0.2209
672448.443883 9225382.60829 51.07 4.53 0.2208
672448.561644 9225385.35577 52.17 4.51 0.2216
672448.679404 9225388.10325 53.26 4.07 0.2458
672448.797594 9225390.86072 54.34 2.82 0.3541
672448.915354 9225393.60819 55.38 2.82 0.3550
672449.033115 9225396.35567 56.01 2.82 0.3546
672449.150876 9225399.10315 56.29 2.83 0.3540
672449.268637 9225401.85063 56.56 2.83 0.3540
672449.386398 9225404.5981 56.83 2.82 0.3552
672449.504158 9225407.34558 57.10 2.50 0.4000
672449.621919 9225410.09306 57.37 2.07 0.4829
672449.73968 9225412.84054 57.63 2.05 0.4869
672449.857441 9225415.58801 57.90 2.05 0.4873
672449.975202 9225418.33549 58.17 2.06 0.4852
672450.092963 9225421.08297 58.44 2.99 0.3341
672450.210723 9225423.83045 58.66 6.89 0.1451
672450.328484 9225426.57792 58.79 6.92 0.1445
672450.446245 9225429.3254 58.89 6.92 0.1445
672450.564006 9225432.07288 58.99 6.90 0.1450
672450.681767 9225434.82036 59.09 5.43 0.1841
672450.799528 9225437.56783 59.19 2.48 0.4036
672450.917288 9225440.31531 59.28 2.00 0.4998
672451.035049 9225443.06279 59.35 2.00 0.4993
672451.15281 9225445.81026 59.42 2.34 0.4268
672451.270571 9225448.55774 59.48 3.11 0.3215
672451.388332 9225451.30522 59.55 4.28 0.2336
672451.506093 9225454.0527 59.61 4.32 0.2317
672451.623853 9225456.80017 59.70 4.32 0.2317
672451.741614 9225459.54765 59.88 4.30 0.2328
672451.859375 9225462.29513 60.14 4.15 0.2408
672451.977136 9225465.04261 60.40 4.14 0.2413
672452.094897 9225467.79008 60.66 4.16 0.2407
672452.212657 9225470.53756 60.92 4.52 0.2214
672452.330418 9225473.28504 61.18 7.18 0.1394
672452.448179 9225476.03252 61.44 7.20 0.1389
672452.56594 9225478.77999 61.69 7.18 0.1392
672452.683701 9225481.52747 61.95 7.01 0.1426
672452.801462 9225484.27495 62.20 5.59 0.1790
672452.919222 9225487.02243 62.46 5.23 0.1911
672453.036983 9225489.7699 62.71 5.22 0.1914
672453.154744 9225492.51738 62.96 5.23 0.1911
672453.272505 9225495.26486 63.14 5.26 0.1903
672453.390266 9225498.01234 63.23 5.30 0.1889
672453.508027 9225500.75981 63.30 5.36 0.1864
672453.625787 9225503.50729 63.36 5.41 0.1847
672453.743548 9225506.25477 63.42 5.41 0.1847
672453.861309 9225509.00225 63.48 2.98 0.3350
672453.97907 9225511.74972 63.53 2.90 0.3447
672454.096831 9225514.4972 63.54 2.86 0.3498
672454.214592 9225517.24468 63.54 2.84 0.3520
672454.332352 9225519.99216 63.54 2.83 0.3531
672454.450113 9225522.73963 63.54 2.83 0.3536
672454.567874 9225525.48711 63.61 2.83 0.3534
672454.685635 9225528.23459 63.84 2.84 0.3521
672454.803396 9225530.98207 64.18 2.90 0.3449
672454.921156 9225533.72954 64.61 4.54 0.2201
672455.038917 9225536.47702 65.13 4.65 0.2152
672455.156678 9225539.2245 65.63 4.64 0.2155
672455.274439 9225541.97198 66.10 4.50 0.2221
672455.3922 9225544.71945 66.54 4.39 0.2277
672455.509961 9225547.46693 67.09 4.34 0.2303
672455.627721 9225550.21441 67.76 4.24 0.2358
672455.745482 9225552.96189 68.23 4.02 0.2488
672455.863243 9225555.70936 68.35 3.92 0.2548
672455.981004 9225558.45684 68.35 3.89 0.2569
672456.098765 9225561.20432 68.35 3.88 0.2581
672456.216526 9225563.9518 68.35 3.87 0.2585
672456.334286 9225566.69927 68.38 3.87 0.2585
672456.452047 9225569.44675 68.44 3.87 0.2585
672456.569808 9225572.19423 68.53 3.87 0.2587
672456.687569 9225574.94171 68.63 3.86 0.2594
672456.80533 9225577.68918 68.84 3.84 0.2608
672456.92309 9225580.43666 69.11 3.78 0.2649
672457.040851 9225583.18414 69.27 3.23 0.3095
672457.158612 9225585.93162 69.35 3.22 0.3108
672457.276373 9225588.67909 69.44 3.22 0.3104
672457.394134 9225591.42657 69.55 3.38 0.2956
672457.511895 9225594.17405 69.74 3.80 0.2633
672457.629655 9225596.92153 70.05 3.85 0.2599
672457.747416 9225599.669 70.33 3.86 0.2592
672457.865177 9225602.41648 70.42 3.86 0.2589
672447.384035 9225357.881 43.99 4.95 0.2021
672447.501796 9225360.62847 44.47 4.93 0.2028
672447.619557 9225363.37595 44.81 4.91 0.2038
672447.737318 9225366.12343 45.12 4.87 0.2053
672447.855079 9225368.87091 45.43 4.82 0.2076
672447.97284 9225371.61838 45.74 4.59 0.2177
672448.0906 9225374.36586 46.05 4.57 0.2190
672448.208361 9225377.11334 46.36 4.56 0.2195
672448.326122 9225379.86082 47.02 4.55 0.2197
672448.443883 9225382.60829 48.06 4.55 0.2199
672448.561644 9225385.35577 49.12 4.53 0.2209
672448.679404 9225388.10325 50.17 4.06 0.2462
672448.797594 9225390.86072 51.21 2.82 0.3550
672448.915354 9225393.60819 52.21 2.81 0.3564
672449.033115 9225396.35567 52.82 2.80 0.3566
672449.150876 9225399.10315 53.08 2.80 0.3566
672449.268637 9225401.85063 53.34 2.80 0.3573
672449.386398 9225404.5981 53.60 2.79 0.3588
672449.504158 9225407.34558 53.86 2.50 0.4006
672449.621919 9225410.09306 54.12 2.17 0.4608
672449.73968 9225412.84054 54.37 2.16 0.4632
672449.857441 9225415.58801 54.63 2.16 0.4634
672449.975202 9225418.33549 54.89 2.17 0.4617
672450.092963 9225421.08297 55.14 2.99 0.3344
672450.210723 9225423.83045 55.35 6.86 0.1458
672450.328484 9225426.57792 55.48 6.89 0.1452
672450.446245 9225429.3254 55.58 6.89 0.1451
672450.564006 9225432.07288 55.67 6.87 0.1455
672450.681767 9225434.82036 55.77 5.43 0.1843
672450.799528 9225437.56783 55.86 2.54 0.3945
672450.917288 9225440.31531 55.95 1.99 0.5018
672451.035049 9225443.06279 56.01 1.54 0.6502
672451.15281 9225445.81026 56.08 1.37 0.7326
672451.270571 9225448.55774 56.14 1.35 0.7424
672451.388332 9225451.30522 56.20 1.34 0.7468
672451.506093 9225454.0527 56.26 1.33 0.7496
672451.623853 9225456.80017 56.34 1.33 0.7519
672451.741614 9225459.54765 56.52 1.33 0.7530
672451.859375 9225462.29513 56.77 1.33 0.7530
672451.977136 9225465.04261 57.01 1.33 0.7508
672452.094897 9225467.79008 57.26 1.34 0.7446
672452.212657 9225470.53756 57.51 1.56 0.6423
672452.330418 9225473.28504 57.75 2.79 0.3584
672452.448179 9225476.03252 58.00 4.34 0.2305
672452.56594 9225478.77999 58.24 4.79 0.2089
672452.683701 9225481.52747 58.48 4.83 0.2069
672452.801462 9225484.27495 58.72 4.86 0.2058
672452.919222 9225487.02243 58.96 4.89 0.2047
672453.036983 9225489.7699 59.20 4.91 0.2037
672453.154744 9225492.51738 59.44 4.93 0.2028
672453.272505 9225495.26486 59.61 4.94 0.2023
672453.390266 9225498.01234 59.70 4.95 0.2021
672453.508027 9225500.75981 59.75 4.94 0.2023
672453.625787 9225503.50729 59.81 4.93 0.2030
672453.743548 9225506.25477 59.87 4.53 0.2208
672453.861309 9225509.00225 59.93 2.96 0.3375
672453.97907 9225511.74972 59.97 2.86 0.3493
672454.096831 9225514.4972 59.99 2.83 0.3535
672454.214592 9225517.24468 59.99 2.81 0.3556
672454.332352 9225519.99216 59.99 2.80 0.3569
672454.450113 9225522.73963 59.99 2.80 0.3575
672454.567874 9225525.48711 60.05 2.80 0.3574
672454.685635 9225528.23459 60.27 2.81 0.3565
672454.803396 9225530.98207 60.58 2.83 0.3540
672454.921156 9225533.72954 61.00 3.20 0.3127
672455.038917 9225536.47702 61.47 3.88 0.2577
672455.156678 9225539.2245 61.95 3.95 0.2534
672455.274439 9225541.97198 62.39 3.97 0.2520
672455.3922 9225544.71945 62.80 3.98 0.2514
672455.509961 9225547.46693 63.30 3.98 0.2513
672455.627721 9225550.21441 63.92 3.97 0.2517
672455.745482 9225552.96189 64.36 3.95 0.2532
672455.863243 9225555.70936 64.47 3.90 0.2563
672455.981004 9225558.45684 64.47 3.87 0.2582
672456.098765 9225561.20432 64.47 3.85 0.2596
672456.216526 9225563.9518 64.47 3.83 0.2609
672456.334286 9225566.69927 64.49 3.81 0.2623
672456.452047 9225569.44675 64.55 3.78 0.2646
672456.569808 9225572.19423 64.63 3.72 0.2690
672456.687569 9225574.94171 64.73 3.65 0.2736
672456.80533 9225577.68918 64.92 3.58 0.2792
672456.92309 9225580.43666 65.16 3.45 0.2900
672457.040851 9225583.18414 65.32 3.22 0.3103
672457.158612 9225585.93162 65.39 3.21 0.3117
672457.276373 9225588.67909 65.47 3.20 0.3121
672457.394134 9225591.42657 65.57 3.20 0.3121
672457.511895 9225594.17405 65.74 3.20 0.3123
672457.629655 9225596.92153 66.02 3.20 0.3126
672447.619557 9225363.37595 41.58 5.50 0.1818
672447.737318 9225366.12343 41.88 5.06 0.1975
672447.855079 9225368.87091 42.18 4.96 0.2015
672447.97284 9225371.61838 42.48 4.59 0.2181
672448.0906 9225374.36586 42.78 4.56 0.2193
672448.208361 9225377.11334 43.08 4.55 0.2199
672448.326122 9225379.86082 43.72 4.54 0.2203
672448.443883 9225382.60829 44.72 4.53 0.2207
672448.561644 9225385.35577 45.74 4.51 0.2218
672448.679404 9225388.10325 46.75 4.03 0.2482
672448.797594 9225390.86072 47.75 2.79 0.3583
672448.915354 9225393.60819 48.71 2.77 0.3613
672449.033115 9225396.35567 49.29 2.76 0.3625
672449.150876 9225399.10315 49.54 2.75 0.3634
672449.268637 9225401.85063 49.79 2.74 0.3647
672449.386398 9225404.5981 50.03 2.71 0.3693
672449.504158 9225407.34558 50.28 2.49 0.4010
672449.621919 9225410.09306 50.53 2.47 0.4050
672449.73968 9225412.84054 50.77 2.46 0.4062
672449.857441 9225415.58801 51.02 2.46 0.4060
672449.975202 9225418.33549 51.26 2.47 0.4047
672450.092963 9225421.08297 51.50 2.99 0.3348
672450.210723 9225423.83045 51.70 4.60 0.2174
672450.328484 9225426.57792 51.83 4.62 0.2163
672450.446245 9225429.3254 51.92 4.63 0.2160
672450.564006 9225432.07288 52.01 4.62 0.2163
672450.681767 9225434.82036 52.10 4.60 0.2173
672450.799528 9225437.56783 52.19 2.56 0.3914
672450.917288 9225440.31531 52.26 1.99 0.5023
672451.035049 9225443.06279 52.33 1.53 0.6523
672451.15281 9225445.81026 52.39 1.36 0.7364
672451.270571 9225448.55774 52.45 1.32 0.7564
672451.388332 9225451.30522 52.51 1.32 0.7605
672451.506093 9225454.0527 52.57 1.31 0.7628
672451.623853 9225456.80017 52.64 1.31 0.7639
672451.741614 9225459.54765 52.81 1.31 0.7645
672451.859375 9225462.29513 53.04 1.31 0.7634
672451.977136 9225465.04261 53.28 1.31 0.7610
672452.094897 9225467.79008 53.51 1.32 0.7564
672452.212657 9225470.53756 53.74 1.38 0.7246
672452.330418 9225473.28504 53.97 1.60 0.6250
672452.448179 9225476.03252 54.21 1.94 0.5157
672452.56594 9225478.77999 54.43 2.31 0.4327
672452.683701 9225481.52747 54.66 2.68 0.3727
672452.801462 9225484.27495 54.89 2.90 0.3444
672452.919222 9225487.02243 55.11 2.97 0.3369
672453.036983 9225489.7699 55.34 2.98 0.3350
672453.154744 9225492.51738 55.56 3.00 0.3338
672453.272505 9225495.26486 55.72 3.00 0.3332
672453.390266 9225498.01234 55.80 3.00 0.3331
672453.508027 9225500.75981 55.86 3.00 0.3336
672453.625787 9225503.50729 55.91 2.99 0.3347
672453.743548 9225506.25477 55.97 2.97 0.3370
672453.861309 9225509.00225 56.02 2.92 0.3429
672453.97907 9225511.74972 56.06 2.86 0.3500
672454.096831 9225514.4972 56.08 2.82 0.3544
672454.214592 9225517.24468 56.08 2.81 0.3565
672454.332352 9225519.99216 56.08 2.80 0.3577
672454.450113 9225522.73963 56.08 2.79 0.3582
672454.567874 9225525.48711 56.14 2.79 0.3580
672454.685635 9225528.23459 56.34 2.80 0.3573
672454.803396 9225530.98207 56.63 2.82 0.3551
672454.921156 9225533.72954 57.02 3.13 0.3195
672455.038917 9225536.47702 57.46 3.58 0.2794
672455.156678 9225539.2245 57.90 3.79 0.2641
672455.274439 9225541.97198 58.31 3.84 0.2607
672455.3922 9225544.71945 58.69 3.86 0.2589
672455.509961 9225547.46693 59.16 3.88 0.2579
672455.627721 9225550.21441 59.73 3.88 0.2575
672455.745482 9225552.96189 60.12 3.88 0.2575
672455.863243 9225555.70936 60.23 3.88 0.2581
672455.981004 9225558.45684 60.23 3.86 0.2591
672456.098765 9225561.20432 60.23 3.84 0.2603
672456.216526 9225563.9518 60.23 3.82 0.2618
672456.334286 9225566.69927 60.25 3.80 0.2635
672456.452047 9225569.44675 60.30 3.76 0.2662
672456.569808 9225572.19423 60.37 3.63 0.2757
672456.687569 9225574.94171 60.46 3.52 0.2844
672456.80533 9225577.68918 60.63 3.39 0.2951
672456.92309 9225580.43666 60.85 3.22 0.3108
672457.040851 9225583.18414 60.99 3.13 0.3190
672457.158612 9225585.93162 61.06 3.08 0.3246
672457.276373 9225588.67909 61.13 3.05 0.3281
672457.394134 9225591.42657 61.22 3.02 0.3313
672447.855079 9225368.87091 38.59 5.37 0.1862
672447.97284 9225371.61838 38.88 3.30 0.3035
672448.0906 9225374.36586 39.17 2.98 0.3358
672448.208361 9225377.11334 39.45 2.88 0.3466
672448.326122 9225379.86082 40.06 2.86 0.3499
672448.443883 9225382.60829 41.02 2.79 0.3583
672448.561644 9225385.35577 42.00 2.61 0.3834
672448.679404 9225388.10325 42.97 2.51 0.3989
672448.797594 9225390.86072 43.93 2.46 0.4062
672448.915354 9225393.60819 44.84 2.45 0.4083
672449.033115 9225396.35567 45.39 2.45 0.4088
672449.150876 9225399.10315 45.63 2.45 0.4083
672449.268637 9225401.85063 45.87 2.46 0.4060
672449.386398 9225404.5981 46.10 2.49 0.4019
672449.504158 9225407.34558 46.34 2.49 0.4013
672449.621919 9225410.09306 46.57 2.49 0.4011
672449.73968 9225412.84054 46.80 2.50 0.4003
672449.857441 9225415.58801 47.03 2.51 0.3987
672449.975202 9225418.33549 47.26 2.57 0.3887
672450.092963 9225421.08297 47.49 2.98 0.3352
672450.210723 9225423.83045 47.68 3.03 0.3306
672450.328484 9225426.57792 47.80 3.04 0.3293
672450.446245 9225429.3254 47.88 3.04 0.3289
672450.564006 9225432.07288 47.97 3.04 0.3293
672450.681767 9225434.82036 48.05 3.03 0.3305
672450.799528 9225437.56783 48.14 2.57 0.3894
672450.917288 9225440.31531 48.21 2.00 0.5013
672451.035049 9225443.06279 48.27 1.53 0.6519
672451.15281 9225445.81026 48.33 1.36 0.7358
672451.270571 9225448.55774 48.39 1.32 0.7570
672451.388332 9225451.30522 48.44 1.32 0.7605
672451.506093 9225454.0527 48.50 1.31 0.7628
672451.623853 9225456.80017 48.57 1.31 0.7639
672451.741614 9225459.54765 48.73 1.31 0.7645
672451.859375 9225462.29513 48.95 1.31 0.7634
672451.977136 9225465.04261 49.17 1.31 0.7610
672452.094897 9225467.79008 49.39 1.32 0.7570
672452.212657 9225470.53756 49.61 1.38 0.7262
672452.330418 9225473.28504 49.82 1.60 0.6270
672452.448179 9225476.03252 50.04 1.93 0.5176
672452.56594 9225478.77999 50.25 2.30 0.4344
672452.683701 9225481.52747 50.47 2.67 0.3741
672452.801462 9225484.27495 50.68 2.89 0.3458
672452.919222 9225487.02243 50.89 2.95 0.3389
672453.036983 9225489.7699 51.10 2.96 0.3374
672453.154744 9225492.51738 51.31 2.97 0.3365
672453.272505 9225495.26486 51.46 2.98 0.3360
672453.390266 9225498.01234 51.53 2.98 0.3360
672453.508027 9225500.75981 51.59 2.97 0.3366
672453.625787 9225503.50729 51.64 2.96 0.3375
672453.743548 9225506.25477 51.69 2.95 0.3394
672453.861309 9225509.00225 51.74 2.91 0.3436
672453.97907 9225511.74972 51.78 2.86 0.3497
672454.096831 9225514.4972 51.79 2.83 0.3535
672454.214592 9225517.24468 51.79 2.81 0.3555
672454.332352 9225519.99216 51.79 2.80 0.3566
672454.450113 9225522.73963 51.79 2.80 0.3570
672454.567874 9225525.48711 51.85 2.80 0.3570
672454.685635 9225528.23459 52.03 2.81 0.3563
672454.803396 9225530.98207 52.31 2.82 0.3542
672454.921156 9225533.72954 52.66 3.13 0.3199
672455.038917 9225536.47702 53.07 3.56 0.2806
672455.156678 9225539.2245 53.48 3.77 0.2653
672455.274439 9225541.97198 53.85 3.82 0.2621
672455.3922 9225544.71945 54.20 3.84 0.2603
672455.509961 9225547.46693 54.63 3.86 0.2593
672455.627721 9225550.21441 55.15 3.86 0.2588
672455.745482 9225552.96189 55.51 3.87 0.2587
672455.863243 9225555.70936 55.60 3.86 0.2589
672455.981004 9225558.45684 55.60 3.85 0.2595
672456.098765 9225561.20432 55.60 3.84 0.2606
672456.216526 9225563.9518 55.60 3.81 0.2623
672456.334286 9225566.69927 55.62 3.79 0.2641
672456.452047 9225569.44675 55.67 3.75 0.2670
672456.569808 9225572.19423 55.73 3.49 0.2869
672456.687569 9225574.94171 55.81 3.28 0.3052
672456.80533 9225577.68918 55.97 3.15 0.3171
672456.92309 9225580.43666 56.16 3.08 0.3249
672457.040851 9225583.18414 56.29 3.04 0.3294
672457.158612 9225585.93162 56.35 2.99 0.3340
672448.208361 9225377.11334 35.40 0.96 1.04
672448.326122 9225379.86082 35.99 0.88 1.13
672448.443883 9225382.60829 36.90 0.84 1.19
672448.561644 9225385.35577 37.84 0.83 1.21
672448.679404 9225388.10325 38.76 0.82 1.21
672448.797594 9225390.86072 39.67 0.82 1.22
672448.915354 9225393.60819 40.54 0.82 1.22
672449.033115 9225396.35567 41.06 0.85 1.17
672449.150876 9225399.10315 41.29 1.77 0.5656
672449.268637 9225401.85063 41.51 2.38 0.4195
672449.386398 9225404.5981 41.73 2.48 0.4027
672449.504158 9225407.34558 41.95 2.50 0.4003
672449.621919 9225410.09306 42.17 2.51 0.3984
672449.73968 9225412.84054 42.39 2.53 0.3959
672449.857441 9225415.58801 42.61 2.57 0.3890
672449.975202 9225418.33549 42.83 2.72 0.3678
672450.092963 9225421.08297 43.04 2.98 0.3357
672450.210723 9225423.83045 43.22 3.00 0.3331
672450.328484 9225426.57792 43.33 3.01 0.3322
672450.446245 9225429.3254 43.41 3.01 0.3320
672450.564006 9225432.07288 43.49 3.01 0.3323
672450.681767 9225434.82036 43.57 3.00 0.3333
672450.799528 9225437.56783 43.65 2.58 0.3870
672450.917288 9225440.31531 43.72 2.01 0.4985
672451.035049 9225443.06279 43.78 1.54 0.6481
672451.15281 9225445.81026 43.83 1.37 0.7321
672451.270571 9225448.55774 43.88 1.33 0.7530
672451.388332 9225451.30522 43.93 1.32 0.7570
672451.506093 9225454.0527 43.99 1.32 0.7587
672451.623853 9225456.80017 44.05 1.32 0.7599
672451.741614 9225459.54765 44.20 1.32 0.7599
672451.859375 9225462.29513 44.41 1.32 0.7593
672451.977136 9225465.04261 44.61 1.32 0.7570
672452.094897 9225467.79008 44.82 1.33 0.7530
672452.212657 9225470.53756 45.02 1.38 0.7236
672452.330418 9225473.28504 45.23 1.60 0.6254
672452.448179 9225476.03252 45.43 1.93 0.5168
672452.56594 9225478.77999 45.63 2.30 0.4340
672452.683701 9225481.52747 45.83 2.68 0.3737
672452.801462 9225484.27495 46.02 2.89 0.3457
672452.919222 9225487.02243 46.22 2.95 0.3391
672453.036983 9225489.7699 46.41 2.96 0.3377
672453.154744 9225492.51738 46.61 2.97 0.3370
672453.272505 9225495.26486 46.74 2.97 0.3367
672453.390266 9225498.01234 46.81 2.97 0.3367
672453.508027 9225500.75981 46.86 2.97 0.3372
672453.625787 9225503.50729 46.91 2.96 0.3380
672453.743548 9225506.25477 46.95 2.94 0.3396
672453.861309 9225509.00225 47.00 2.92 0.3429
672453.97907 9225511.74972 47.04 2.88 0.3475
672454.096831 9225514.4972 47.05 2.85 0.3504
672454.214592 9225517.24468 47.05 2.84 0.3519
672454.332352 9225519.99216 47.05 2.84 0.3527
672454.450113 9225522.73963 47.05 2.83 0.3530
672454.567874 9225525.48711 47.10 2.83 0.3529
672454.685635 9225528.23459 47.27 2.84 0.3522
672454.803396 9225530.98207 47.52 2.85 0.3505
672454.921156 9225533.72954 47.85 3.14 0.3186
672455.038917 9225536.47702 48.23 3.57 0.2803
672455.156678 9225539.2245 48.60 3.77 0.2653
672455.274439 9225541.97198 48.94 3.82 0.2621
672455.3922 9225544.71945 49.26 3.84 0.2605
672455.509961 9225547.46693 49.64 3.85 0.2595
672455.627721 9225550.21441 50.11 3.86 0.2591
672455.745482 9225552.96189 50.43 3.86 0.2589
672455.863243 9225555.70936 50.52 3.86 0.2590
672455.981004 9225558.45684 50.52 3.85 0.2595
672456.098765 9225561.20432 50.52 3.84 0.2604
672456.216526 9225563.9518 50.52 3.81 0.2626
672456.334286 9225566.69927 50.53 3.78 0.2645
672456.452047 9225569.44675 50.58 3.74 0.2670
672456.569808 9225572.19423 50.63 3.38 0.2959
672456.687569 9225574.94171 50.71 3.22 0.3107
672456.80533 9225577.68918 50.84 3.01 0.3321
672448.561644 9225385.35577 33.17 0.39 2.56
672448.679404 9225388.10325 34.05 0.39 2.56
672448.797594 9225390.86072 34.91 0.39 2.55
672448.915354 9225393.60819 35.72 0.39 2.54
672449.033115 9225396.35567 36.22 0.85 1.18
672449.150876 9225399.10315 36.43 1.77 0.5663
672449.268637 9225401.85063 36.64 2.38 0.4202
672449.386398 9225404.5981 36.85 2.49 0.4016
672449.504158 9225407.34558 37.05 2.52 0.3973
672449.621919 9225410.09306 37.26 2.54 0.3931
672449.73968 9225412.84054 37.47 2.59 0.3862
672449.857441 9225415.58801 37.67 2.69 0.3723
672449.975202 9225418.33549 37.87 2.85 0.3510
672450.092963 9225421.08297 38.07 2.98 0.3353
672450.210723 9225423.83045 38.24 3.00 0.3334
672450.328484 9225426.57792 38.34 3.01 0.3326
672450.446245 9225429.3254 38.42 3.01 0.3323
672450.564006 9225432.07288 38.49 3.01 0.3327
672450.681767 9225434.82036 38.57 3.00 0.3337
672450.799528 9225437.56783 38.64 2.64 0.3792
672450.917288 9225440.31531 38.71 2.24 0.4464
672451.035049 9225443.06279 38.76 1.95 0.5139
672451.15281 9225445.81026 38.81 1.81 0.5519
672451.270571 9225448.55774 38.86 1.78 0.5615
672451.388332 9225451.30522 38.91 1.77 0.5634
672451.506093 9225454.0527 38.95 1.77 0.5647
672451.623853 9225456.80017 39.02 1.77 0.5653
672451.741614 9225459.54765 39.15 1.77 0.5656
672451.859375 9225462.29513 39.34 1.77 0.5650
672451.977136 9225465.04261 39.54 1.77 0.5643
672452.094897 9225467.79008 39.73 1.78 0.5624
672452.212657 9225470.53756 39.92 1.79 0.5596
672452.330418 9225473.28504 40.10 1.83 0.5456
672452.448179 9225476.03252 40.29 1.99 0.5023
672452.56594 9225478.77999 40.47 2.32 0.4314
672452.683701 9225481.52747 40.66 2.69 0.3715
672452.801462 9225484.27495 40.84 2.91 0.3439
672452.919222 9225487.02243 41.02 2.96 0.3377
672453.036983 9225489.7699 41.20 2.97 0.3366
672453.154744 9225492.51738 41.37 2.98 0.3359
672453.272505 9225495.26486 41.50 2.98 0.3356
672453.390266 9225498.01234 41.56 2.98 0.3356
672453.508027 9225500.75981 41.61 2.98 0.3359
672453.625787 9225503.50729 41.65 2.97 0.3366
672453.743548 9225506.25477 41.69 2.96 0.3375
672453.861309 9225509.00225 41.74 2.95 0.3386
672453.97907 9225511.74972 41.77 2.95 0.3394
672454.096831 9225514.4972 41.78 2.94 0.3400
672454.214592 9225517.24468 41.78 2.94 0.3404
672454.332352 9225519.99216 41.78 2.94 0.3405
672454.450113 9225522.73963 41.78 2.94 0.3403
672454.567874 9225525.48711 41.83 2.94 0.3398
672454.685635 9225528.23459 41.98 2.95 0.3389
672454.803396 9225530.98207 42.21 2.97 0.3362
672454.921156 9225533.72954 42.51 3.19 0.3139
672455.038917 9225536.47702 42.86 3.58 0.2790
672455.156678 9225539.2245 43.19 3.78 0.2643
672455.274439 9225541.97198 43.50 3.83 0.2612
672455.3922 9225544.71945 43.78 3.85 0.2597
672455.509961 9225547.46693 44.13 3.86 0.2589
672455.627721 9225550.21441 44.54 3.87 0.2585
672455.745482 9225552.96189 44.83 3.87 0.2583
672455.863243 9225555.70936 44.90 3.87 0.2584
672455.981004 9225558.45684 44.90 3.86 0.2589
672456.098765 9225561.20432 44.90 3.85 0.2599
672456.216526 9225563.9518 44.90 3.80 0.2632
672456.334286 9225566.69927 44.92 3.78 0.2646
672456.452047 9225569.44675 44.95 3.75 0.2665
672456.569808 9225572.19423 45.00 3.17 0.3157
672448.915354 9225393.60819 30.63 0.39 2.57
672449.033115 9225396.35567 31.08 0.85 1.17
672449.150876 9225399.10315 31.27 1.77 0.5634
672449.268637 9225401.85063 31.46 2.39 0.4186
672449.386398 9225404.5981 31.65 2.51 0.3986
672449.504158 9225407.34558 31.84 2.64 0.3782
672449.621919 9225410.09306 32.02 2.76 0.3618
672449.73968 9225412.84054 32.20 2.86 0.3493
672449.857441 9225415.58801 32.39 2.93 0.3415
672449.975202 9225418.33549 32.57 2.97 0.3367
672450.092963 9225421.08297 32.75 3.00 0.3333
672450.210723 9225423.83045 32.90 3.01 0.3318
672450.328484 9225426.57792 32.99 3.02 0.3309
672450.446245 9225429.3254 33.06 3.03 0.3306
672450.564006 9225432.07288 33.12 3.02 0.3307
672450.681767 9225434.82036 33.19 3.02 0.3309
672450.799528 9225437.56783 33.26 3.02 0.3316
672450.917288 9225440.31531 33.32 3.01 0.3321
672451.035049 9225443.06279 33.36 3.01 0.3328
672451.15281 9225445.81026 33.41 3.00 0.3334
672451.270571 9225448.55774 33.45 2.99 0.3339
672451.388332 9225451.30522 33.49 2.99 0.3343
672451.506093 9225454.0527 33.54 2.99 0.3346
672451.623853 9225456.80017 33.59 2.99 0.3348
672451.741614 9225459.54765 33.71 2.99 0.3348
672451.859375 9225462.29513 33.88 2.99 0.3348
672451.977136 9225465.04261 34.05 2.99 0.3346
672452.094897 9225467.79008 34.22 2.99 0.3342
672452.212657 9225470.53756 34.39 2.99 0.3339
672452.330418 9225473.28504 34.55 3.00 0.3333
672452.448179 9225476.03252 34.72 3.01 0.3328
672452.56594 9225478.77999 34.88 3.01 0.3321
672452.683701 9225481.52747 35.04 3.02 0.3316
672452.801462 9225484.27495 35.20 3.02 0.3309
672452.919222 9225487.02243 35.36 3.03 0.3304
672453.036983 9225489.7699 35.51 3.03 0.3298
672453.154744 9225492.51738 35.67 3.04 0.3294
672453.272505 9225495.26486 35.78 3.04 0.3291
672453.390266 9225498.01234 35.83 3.04 0.3287
672453.508027 9225500.75981 35.87 3.05 0.3284
672453.625787 9225503.50729 35.91 3.05 0.3282
672453.743548 9225506.25477 35.95 3.05 0.3279
672453.861309 9225509.00225 35.98 3.05 0.3275
672453.97907 9225511.74972 36.01 3.06 0.3272
672454.096831 9225514.4972 36.02 3.06 0.3267
672454.214592 9225517.24468 36.02 3.07 0.3262
672454.332352 9225519.99216 36.02 3.07 0.3254
672454.450113 9225522.73963 36.02 3.08 0.3245
672454.567874 9225525.48711 36.06 3.09 0.3233
672454.685635 9225528.23459 36.20 3.11 0.3218
672454.803396 9225530.98207 36.40 3.14 0.3180
672454.921156 9225533.72954 36.65 3.30 0.3035
672455.038917 9225536.47702 36.95 3.61 0.2767
672455.156678 9225539.2245 37.23 3.81 0.2624
672455.274439 9225541.97198 37.49 3.86 0.2589
672455.3922 9225544.71945 37.73 3.88 0.2577
672455.509961 9225547.46693 38.02 3.89 0.2569
672455.627721 9225550.21441 38.36 3.90 0.2566
672455.745482 9225552.96189 38.60 3.90 0.2565
672455.863243 9225555.70936 38.66 3.90 0.2567
672455.981004 9225558.45684 38.66 3.89 0.2571
672456.098765 9225561.20432 38.66 3.88 0.2579
672456.216526 9225563.9518 38.66 3.78 0.2646
672451.15281 9225445.81026 27.47 4.49 0.2230
672451.270571 9225448.55774 27.51 3.44 0.2903
672451.388332 9225451.30522 27.55 3.36 0.2975
672451.506093 9225454.0527 27.59 3.32 0.3009
672451.623853 9225456.80017 27.64 3.30 0.3033
672451.741614 9225459.54765 27.75 3.27 0.3061
672451.859375 9225462.29513 27.90 3.25 0.3080
672451.977136 9225465.04261 28.06 3.23 0.3095
672452.094897 9225467.79008 28.21 3.22 0.3108
672452.212657 9225470.53756 28.36 3.21 0.3118
672452.330418 9225473.28504 28.51 3.20 0.3127
672452.448179 9225476.03252 28.66 3.19 0.3136
672452.56594 9225478.77999 28.81 3.18 0.3146
672452.683701 9225481.52747 28.95 3.17 0.3154
672452.801462 9225484.27495 29.10 3.16 0.3162
672452.919222 9225487.02243 29.24 3.16 0.3169
672453.036983 9225489.7699 29.38 3.15 0.3177
672453.154744 9225492.51738 29.52 3.14 0.3183
672453.272505 9225495.26486 29.62 3.14 0.3189
672453.390266 9225498.01234 29.67 3.13 0.3193
672453.508027 9225500.75981 29.70 3.13 0.3197
672453.625787 9225503.50729 29.74 3.13 0.3200
672453.743548 9225506.25477 29.77 3.12 0.3201
672453.861309 9225509.00225 29.80 3.12 0.3201
672453.97907 9225511.74972 29.83 3.13 0.3200
672454.096831 9225514.4972 29.83 3.13 0.3198
672454.214592 9225517.24468 29.83 3.13 0.3194
672454.332352 9225519.99216 29.83 3.14 0.3189
672454.450113 9225522.73963 29.83 3.14 0.3183
672454.567874 9225525.48711 29.87 3.15 0.3175
672454.685635 9225528.23459 29.99 3.16 0.3163
672454.803396 9225530.98207 30.17 3.19 0.3133
672454.921156 9225533.72954 30.40 3.35 0.2990
672455.038917 9225536.47702 30.66 3.64 0.2746
672455.156678 9225539.2245 30.91 3.85 0.2595
672455.274439 9225541.97198 31.14 4.12 0.2425
672455.3922 9225544.71945 31.35 4.29 0.2331
672455.509961 9225547.46693 31.60 4.65 0.2151
672455.627721 9225550.21441 31.90 5.30 0.1886
672455.745482 9225552.96189 32.10 6.22 0.1608
