672603.876953 9225301.1901 66.17 22.13 0.0452
672601.165763 9225301.65048 66.17 38.93 0.0257
672598.454572 9225302.11086 66.17 28.60 0.0350
672595.743382 9225302.57123 66.17 22.51 0.0444
672593.032191 9225303.03161 66.44 17.00 0.0588
672590.321001 9225303.49198 67.33 51.11 0.0196
672587.609811 9225303.95236 68.55 44.16 0.0226
672584.89862 9225304.41274 69.76 42.81 0.0234
672582.18743 9225304.87311 70.98 42.10 0.0238
672579.476239 9225305.33349 72.19 35.93 0.0278
672576.765049 9225305.79387 73.41 68.06 0.0147
672574.053858 9225306.25424 74.12 17.35 0.0576
672571.342668 9225306.71462 74.29 144.05 0.006942
672568.631477 9225307.175 74.42 23.80 0.0420
672565.920287 9225307.63537 74.54 88.69 0.0113
672563.209096 9225308.09575 74.56 33.09 0.0302
672560.497906 9225308.55612 74.40 73.65 0.0136
672557.786716 9225309.0165 74.16 77.16 0.0130
672555.075525 9225309.47688 73.91 40.13 0.0249
672552.364335 9225309.93725 73.67 65.54 0.0153
672549.653144 9225310.39763 73.43 3.65 0.2740
672546.932095 9225310.85968 73.18 173.23 0.005773
672544.220904 9225311.32006 73.18 41.35 0.0242
672541.509714 9225311.78043 73.43 75.66 0.0132
672538.798523 9225312.24081 73.67 39.58 0.0253
672536.087333 9225312.70118 73.91 66.13 0.0151
672533.376143 9225313.16156 74.16 75.08 0.0133
672530.664952 9225313.62194 74.40 21.64 0.0462
672527.953762 9225314.08231 74.64 31.40 0.0318
672525.242571 9225314.54269 74.89 31.34 0.0319
672522.531381 9225315.00307 75.13 79.12 0.0126
672519.82019 9225315.46344 75.10 18.58 0.0538
672517.109 9225315.92382 74.76 75.11 0.0133
672514.397809 9225316.38419 74.39 60.23 0.0166
672511.686619 9225316.84457 74.03 99.27 0.0101
672508.975428 9225317.30495 73.66 4.78 0.2091
672506.264238 9225317.76532 73.30 25.90 0.0386
672503.553048 9225318.2257 72.93 25.91 0.0386
672500.841857 9225318.68608 72.57 9.97 0.1004
672498.130667 9225319.14645 72.48 21.89 0.0457
672495.419476 9225319.60683 72.70 12.24 0.0817
672492.708286 9225320.0672 72.94 122.41 0.008169
672489.997095 9225320.52758 73.18 99.29 0.0101
672487.285905 9225320.98796 73.43 231.34 0.004323
672484.574714 9225321.44833 73.67 51.13 0.0196
672481.863524 9225321.90871 73.91 104.71 0.009550
672479.152333 9225322.36909 74.45 18.62 0.0537
672476.441143 9225322.82946 76.05 359.05 0.002785
672473.729953 9225323.28984 78.42 115.65 0.008647
672471.018762 9225323.75021 80.79 55.43 0.0180
672468.307572 9225324.21059 83.14 104.52 0.009568
672465.596381 9225324.67097 85.47 6.36 0.1573
672462.885191 9225325.13134 87.05 134.90 0.007413
672460.174 9225325.59172 86.99 4.52 0.2211
672457.46281 9225326.0521 86.05 175.34 0.005703
672454.751619 9225326.51247 85.11 28.42 0.0352
672452.040429 9225326.97285 84.16 33.36 0.0300
672449.329238 9225327.43323 83.21 831.30 0.001203
672446.618048 9225327.8936 82.73 435.88 0.002294
672443.906858 9225328.35398 82.73 161.62 0.006187
672441.195667 9225328.81435 82.73 27.49 0.0364
672438.484477 9225329.27473 82.73 27.63 0.0362
672435.773286 9225329.73511 83.03 21.84 0.0458
672433.062096 9225330.19548 83.63 48.02 0.0208
672430.350905 9225330.65586 84.22 213.34 0.004687
672427.639715 9225331.11624 84.71 18.63 0.0537
672424.928524 9225331.57661 84.90 360.79 0.002772
672422.217334 9225332.03699 84.90 24.92 0.0401
672419.506143 9225332.49736 84.90 21.69 0.0461
672416.794953 9225332.95774 84.90 142.60 0.007013
672414.083762 9225333.41812 84.67 2.22 0.4509
672411.372572 9225333.87849 84.09 111.80 0.008945
672408.661382 9225334.33887 83.37 20.04 0.0499
672405.950191 9225334.79925 82.66 76.91 0.0130
672603.876953 9225301.1901 64.49 10.41 0.0961
672601.165763 9225301.65048 64.49 38.44 0.0260
672598.454572 9225302.11086 64.49 28.47 0.0351
672595.743382 9225302.57123 64.49 17.23 0.0580
672593.032191 9225303.03161 64.76 17.04 0.0587
672590.321001 9225303.49198 65.62 50.96 0.0196
672587.609811 9225303.95236 66.80 44.70 0.0224
672584.89862 9225304.41274 67.98 42.74 0.0234
672582.18743 9225304.87311 69.16 58.11 0.0172
672579.476239 9225305.33349 70.33 59.18 0.0169
672576.765049 9225305.79387 71.50 60.38 0.0166
672574.053858 9225306.25424 72.19 21.48 0.0466
672571.342668 9225306.71462 72.35 46.17 0.0217
672568.631477 9225307.175 72.47 33.15 0.0302
672565.920287 9225307.63537 72.59 33.19 0.0301
672563.209096 9225308.09575 72.61 32.80 0.0305
672560.497906 9225308.55612 72.46 25.58 0.0391
672557.786716 9225309.0165 72.22 19.60 0.0510
672555.075525 9225309.47688 71.99 69.06 0.0145
672552.364335 9225309.93725 71.75 69.70 0.0143
672549.653144 9225310.39763 71.52 65.73 0.0152
672546.932095 9225310.85968 71.28 65.56 0.0153
672544.220904 9225311.32006 71.28 16.14 0.0620
672541.509714 9225311.78043 71.52 16.49 0.0606
672538.798523 9225312.24081 71.75 16.55 0.0604
672536.087333 9225312.70118 71.99 16.67 0.0600
672533.376143 9225313.16156 72.22 16.31 0.0613
672530.664952 9225313.62194 72.46 11.40 0.0877
672527.953762 9225314.08231 72.69 17.06 0.0586
672525.242571 9225314.54269 72.92 17.11 0.0584
672522.531381 9225315.00307 73.16 23.43 0.0427
672519.82019 9225315.46344 73.12 16.95 0.0590
672517.109 9225315.92382 72.80 20.51 0.0488
672514.397809 9225316.38419 72.45 20.57 0.0486
672511.686619 9225316.84457 72.10 5.19 0.1925
672508.975428 9225317.30495 71.75 5.15 0.1942
672506.264238 9225317.76532 71.40 5.13 0.1949
672503.553048 9225318.2257 71.05 2.02 0.4960
672500.841857 9225318.68608 70.69 9.93 0.1008
672498.130667 9225319.14645 70.61 10.02 0.0998
672495.419476 9225319.60683 70.82 12.24 0.0817
672492.708286 9225320.0672 71.05 120.64 0.008289
672489.997095 9225320.52758 71.29 10.21 0.0979
672487.285905 9225320.98796 71.52 9.23 0.1083
672484.574714 9225321.44833 71.75 9.24 0.1082
672481.863524 9225321.90871 71.99 82.36 0.0121
672479.152333 9225322.36909 72.50 77.99 0.0128
672476.441143 9225322.82946 74.04 94.05 0.0106
672473.729953 9225323.28984 76.30 115.59 0.008651
672471.018762 9225323.75021 78.53 83.17 0.0120
672468.307572 9225324.21059 80.73 170.46 0.005866
672465.596381 9225324.67097 82.89 162.16 0.006167
672462.885191 9225325.13134 84.32 580.87 0.001722
672460.174 9225325.59172 84.27 910.63 0.001098
672457.46281 9225326.0521 83.42 356.66 0.002804
672454.751619 9225326.51247 82.56 54.53 0.0183
672452.040429 9225326.97285 81.68 30.96 0.0323
672449.329238 9225327.43323 80.80 21.28 0.0470
672446.618048 9225327.8936 80.36 28.19 0.0355
672443.906858 9225328.35398 80.36 10.26 0.0975
672441.195667 9225328.81435 80.36 7.37 0.1356
672438.484477 9225329.27473 80.36 641.36 0.001559
672435.773286 9225329.73511 80.64 640.63 0.001561
672433.062096 9225330.19548 81.19 2.57 0.3888
672430.350905 9225330.65586 81.74 164.19 0.006091
672427.639715 9225331.11624 82.19 142.32 0.007026
672424.928524 9225331.57661 82.36 47.56 0.0210
672422.217334 9225332.03699 82.36 41.01 0.0244
672419.506143 9225332.49736 82.36 83.11 0.0120
672416.794953 9225332.95774 82.36 1639.50 0.000610
672414.083762 9225333.41812 82.16 2181.30 0.000458
672411.372572 9225333.87849 81.62 1661.70 0.000602
672408.661382 9225334.33887 80.96 13.54 0.0739
672405.950191 9225334.79925 80.29 37.53 0.0266
672603.876953 9225301.1901 62.71 5.24 0.1910
672601.165763 9225301.65048 62.71 7.57 0.1321
672598.454572 9225302.11086 62.71 7.55 0.1325
672595.743382 9225302.57123 62.71 7.55 0.1325
672593.032191 9225303.03161 62.98 7.96 0.1256
672590.321001 9225303.49198 63.81 45.45 0.0220
672587.609811 9225303.95236 64.96 44.77 0.0223
672584.89862 9225304.41274 66.11 27.11 0.0369
672582.18743 9225304.87311 67.24 27.60 0.0362
672579.476239 9225305.33349 68.37 27.63 0.0362
672576.765049 9225305.79387 69.50 22.46 0.0445
672574.053858 9225306.25424 70.16 21.43 0.0467
672571.342668 9225306.71462 70.32 21.56 0.0464
672568.631477 9225307.175 70.43 21.56 0.0464
672565.920287 9225307.63537 70.54 21.52 0.0465
672563.209096 9225308.09575 70.56 21.51 0.0465
672560.497906 9225308.55612 70.41 17.02 0.0588
672557.786716 9225309.0165 70.19 11.42 0.0876
672555.075525 9225309.47688 69.97 11.41 0.0876
672552.364335 9225309.93725 69.74 2.35 0.4252
672549.653144 9225310.39763 69.52 2.31 0.4322
672546.932095 9225310.85968 69.29 2.47 0.4047
672544.220904 9225311.32006 69.29 3.02 0.3310
672541.509714 9225311.78043 69.52 3.05 0.3279
672538.798523 9225312.24081 69.74 3.06 0.3269
672536.087333 9225312.70118 69.97 3.19 0.3136
672533.376143 9225313.16156 70.19 3.32 0.3013
672530.664952 9225313.62194 70.41 3.31 0.3022
672527.953762 9225314.08231 70.64 1.94 0.5155
672525.242571 9225314.54269 70.86 1.94 0.5155
672522.531381 9225315.00307 71.09 4.61 0.2170
672519.82019 9225315.46344 71.05 0.97 1.03
672517.109 9225315.92382 70.75 0.97 1.03
672514.397809 9225316.38419 70.41 3.58 0.2791
672511.686619 9225316.84457 70.07 6.27 0.1595
672508.975428 9225317.30495 69.74 6.28 0.1591
672506.264238 9225317.76532 69.40 1.78 0.5615
672503.553048 9225318.2257 69.06 1.77 0.5634
672500.841857 9225318.68608 68.72 6.40 0.1562
672498.130667 9225319.14645 68.64 6.39 0.1566
672495.419476 9225319.60683 68.84 0.78 1.28
672492.708286 9225320.0672 69.07 0.79 1.27
672489.997095 9225320.52758 69.29 9.79 0.1021
672487.285905 9225320.98796 69.52 4.98 0.2009
672484.574714 9225321.44833 69.74 2.59 0.3865
672481.863524 9225321.90871 69.97 2.58 0.3876
672479.152333 9225322.36909 70.46 76.58 0.0131
672476.441143 9225322.82946 71.93 22.01 0.0454
672473.729953 9225323.28984 74.08 19.67 0.0508
672471.018762 9225323.75021 76.18 2.73 0.3660
672468.307572 9225324.21059 78.23 171.56 0.005829
672465.596381 9225324.67097 80.21 10.42 0.0960
672462.885191 9225325.13134 81.52 10.37 0.0964
672460.174 9225325.59172 81.47 18.27 0.0547
672457.46281 9225326.0521 80.70 38.42 0.0260
672454.751619 9225326.51247 79.92 91.35 0.0109
672452.040429 9225326.97285 79.12 91.02 0.0110
672449.329238 9225327.43323 78.30 21.20 0.0472
672446.618048 9225327.8936 77.89 9.18 0.1089
672443.906858 9225328.35398 77.89 12.44 0.0804
672441.195667 9225328.81435 77.89 584.61 0.001711
672438.484477 9225329.27473 77.89 954.66 0.001047
672435.773286 9225329.73511 78.15 947.24 0.001056
672433.062096 9225330.19548 78.66 1.90 0.5274
672430.350905 9225330.65586 79.17 1.83 0.5479
672427.639715 9225331.11624 79.58 64.12 0.0156
672424.928524 9225331.57661 79.74 64.23 0.0156
672422.217334 9225332.03699 79.74 82.67 0.0121
672419.506143 9225332.49736 79.74 83.13 0.0120
672416.794953 9225332.95774 79.74 76.92 0.0130
672414.083762 9225333.41812 79.55 2.52 0.3975
672411.372572 9225333.87849 79.05 2.50 0.3994
672408.661382 9225334.33887 78.44 2.50 0.3994
672405.950191 9225334.79925 77.82 37.88 0.0264
672601.165763 9225301.65048 60.74 2.60 0.3842
672598.454572 9225302.11086 60.74 2.56 0.3909
672595.743382 9225302.57123 60.74 2.56 0.3912
672593.032191 9225303.03161 61.00 3.43 0.2911
672590.321001 9225303.49198 61.81 4.92 0.2031
672587.609811 9225303.95236 62.92 4.68 0.2136
672584.89862 9225304.41274 64.02 2.78 0.3592
672582.18743 9225304.87311 65.12 2.79 0.3582
672579.476239 9225305.33349 66.20 4.57 0.2188
672576.765049 9225305.79387 67.28 4.72 0.2120
672574.053858 9225306.25424 67.91 4.72 0.2116
672571.342668 9225306.71462 68.06 4.71 0.2122
672568.631477 9225307.175 68.17 4.70 0.2126
672565.920287 9225307.63537 68.28 4.75 0.2104
672563.209096 9225308.09575 68.30 5.68 0.1759
672560.497906 9225308.55612 68.16 5.68 0.1760
672557.786716 9225309.0165 67.94 5.64 0.1775
672555.075525 9225309.47688 67.73 5.58 0.1793
672552.364335 9225309.93725 67.51 2.32 0.4316
672549.653144 9225310.39763 67.30 2.31 0.4327
672546.932095 9225310.85968 67.08 2.49 0.4023
672544.220904 9225311.32006 67.08 3.32 0.3012
672541.509714 9225311.78043 67.30 3.32 0.3012
672538.798523 9225312.24081 67.51 3.07 0.3261
672536.087333 9225312.70118 67.73 3.09 0.3234
672533.376143 9225313.16156 67.94 3.11 0.3213
672530.664952 9225313.62194 68.16 2.86 0.3500
672527.953762 9225314.08231 68.37 1.92 0.5203
672525.242571 9225314.54269 68.58 1.94 0.5157
672522.531381 9225315.00307 68.80 4.60 0.2173
672519.82019 9225315.46344 68.77 0.97 1.03
672517.109 9225315.92382 68.47 0.97 1.03
672514.397809 9225316.38419 68.15 3.58 0.2797
672511.686619 9225316.84457 67.83 6.28 0.1592
672508.975428 9225317.30495 67.51 6.28 0.1593
672506.264238 9225317.76532 67.18 1.78 0.5612
672503.553048 9225318.2257 66.86 1.78 0.5615
672500.841857 9225318.68608 66.54 6.34 0.1578
672498.130667 9225319.14645 66.46 6.33 0.1579
672495.419476 9225319.60683 66.65 0.78 1.28
672492.708286 9225320.0672 66.87 0.78 1.28
672489.997095 9225320.52758 67.08 9.72 0.1028
672487.285905 9225320.98796 67.30 5.83 0.1714
672484.574714 9225321.44833 67.51 2.59 0.3865
672481.863524 9225321.90871 67.73 2.57 0.3891
672479.152333 9225322.36909 68.20 8.45 0.1183
672476.441143 9225322.82946 69.59 22.17 0.0451
672473.729953 9225323.28984 71.63 17.47 0.0572
672471.018762 9225323.75021 73.60 2.73 0.3662
672468.307572 9225324.21059 75.50 52.56 0.0190
672465.596381 9225324.67097 77.30 12.31 0.0812
672462.885191 9225325.13134 78.47 11.01 0.0908
672460.174 9225325.59172 78.43 18.37 0.0544
672457.46281 9225326.0521 77.74 39.36 0.0254
672454.751619 9225326.51247 77.04 91.42 0.0109
672452.040429 9225326.97285 76.31 90.89 0.0110
672449.329238 9225327.43323 75.56 18.88 0.0530
672446.618048 9225327.8936 75.19 8.03 0.1245
672443.906858 9225328.35398 75.19 16.22 0.0617
672441.195667 9225328.81435 75.19 584.23 0.001712
672438.484477 9225329.27473 75.19 952.39 0.001050
672435.773286 9225329.73511 75.42 947.48 0.001055
672433.062096 9225330.19548 75.89 38.13 0.0262
672430.350905 9225330.65586 76.36 38.16 0.0262
672427.639715 9225331.11624 76.73 60.07 0.0166
672424.928524 9225331.57661 76.88 60.40 0.0166
672422.217334 9225332.03699 76.88 60.11 0.0166
672419.506143 9225332.49736 76.88 2.56 0.3905
672416.794953 9225332.95774 76.88 2.43 0.4117
672414.083762 9225333.41812 76.70 2.39 0.4175
672411.372572 9225333.87849 76.25 2.52 0.3976
672408.661382 9225334.33887 75.69 37.65 0.0266
672595.743382 9225302.57123 58.55 2.55 0.3922
672593.032191 9225303.03161 58.80 3.41 0.2928
672590.321001 9225303.49198 59.58 4.39 0.2275
672587.609811 9225303.95236 60.65 4.39 0.2276
672584.89862 9225304.41274 61.71 2.79 0.3584
672582.18743 9225304.87311 62.76 2.80 0.3578
672579.476239 9225305.33349 63.80 4.57 0.2187
672576.765049 9225305.79387 64.83 4.72 0.2121
672574.053858 9225306.25424 65.43 4.73 0.2116
672571.342668 9225306.71462 65.57 4.70 0.2129
672568.631477 9225307.175 65.68 4.37 0.2288
672565.920287 9225307.63537 65.78 3.44 0.2904
672563.209096 9225308.09575 65.80 3.43 0.2912
672560.497906 9225308.55612 65.66 3.41 0.2931
672557.786716 9225309.0165 65.46 3.13 0.3199
672555.075525 9225309.47688 65.25 2.37 0.4212
672552.364335 9225309.93725 65.05 2.31 0.4322
672549.653144 9225310.39763 64.85 2.34 0.4279
672546.932095 9225310.85968 64.64 5.66 0.1767
672544.220904 9225311.32006 64.64 5.69 0.1759
672541.509714 9225311.78043 64.85 5.66 0.1766
672538.798523 9225312.24081 65.05 3.06 0.3265
672536.087333 9225312.70118 65.25 1.95 0.5133
672533.376143 9225313.16156 65.46 1.88 0.5308
672530.664952 9225313.62194 65.66 1.88 0.5328
672527.953762 9225314.08231 65.86 1.88 0.5308
672525.242571 9225314.54269 66.07 8.53 0.1172
672522.531381 9225315.00307 66.27 8.57 0.1167
672519.82019 9225315.46344 66.24 7.65 0.1308
672517.109 9225315.92382 65.96 3.51 0.2847
672514.397809 9225316.38419 65.66 3.53 0.2832
672511.686619 9225316.84457 65.35 3.55 0.2819
672508.975428 9225317.30495 65.05 3.54 0.2826
672506.264238 9225317.76532 64.74 2.54 0.3937
672503.553048 9225318.2257 64.43 2.55 0.3915
672500.841857 9225318.68608 64.12 6.26 0.1598
672498.130667 9225319.14645 64.04 6.24 0.1602
672495.419476 9225319.60683 64.23 1.93 0.5192
672492.708286 9225320.0672 64.43 1.92 0.5198
672489.997095 9225320.52758 64.64 9.76 0.1025
672487.285905 9225320.98796 64.85 9.78 0.1023
672484.574714 9225321.44833 65.05 5.32 0.1881
672481.863524 9225321.90871 65.26 2.58 0.3873
672479.152333 9225322.36909 65.70 2.58 0.3871
672476.441143 9225322.82946 67.02 17.53 0.0570
672473.729953 9225323.28984 68.94 17.53 0.0570
672471.018762 9225323.75021 70.77 17.53 0.0570
672468.307572 9225324.21059 72.51 52.46 0.0191
672465.596381 9225324.67097 74.14 33.53 0.0298
672462.885191 9225325.13134 75.17 30.74 0.0325
672460.174 9225325.59172 75.14 30.84 0.0324
672457.46281 9225326.0521 74.53 31.03 0.0322
672454.751619 9225326.51247 73.91 27.28 0.0367
672452.040429 9225326.97285 73.25 12.31 0.0812
672449.329238 9225327.43323 72.58 6.42 0.1559
672446.618048 9225327.8936 72.23 6.38 0.1566
672443.906858 9225328.35398 72.23 16.27 0.0615
672441.195667 9225328.81435 72.23 153.64 0.006509
672438.484477 9225329.27473 72.23 153.77 0.006503
672435.773286 9225329.73511 72.45 153.08 0.006533
672433.062096 9225330.19548 72.88 37.22 0.0269
672430.350905 9225330.65586 73.30 1.88 0.5316
672427.639715 9225331.11624 73.63 1.88 0.5322
672424.928524 9225331.57661 73.76 1.91 0.5244
672422.217334 9225332.03699 73.76 2.06 0.4850
672419.506143 9225332.49736 73.76 2.36 0.4235
672416.794953 9225332.95774 73.76 2.51 0.3978
672414.083762 9225333.41812 73.61 32.03 0.0312
672590.321001 9225303.49198 57.11 3.41 0.2934
672587.609811 9225303.95236 58.14 4.39 0.2279
672584.89862 9225304.41274 59.16 4.38 0.2282
672582.18743 9225304.87311 60.16 4.41 0.2270
672579.476239 9225305.33349 61.15 6.43 0.1554
672576.765049 9225305.79387 62.13 6.48 0.1544
672574.053858 9225306.25424 62.70 6.47 0.1545
672571.342668 9225306.71462 62.84 6.41 0.1560
672568.631477 9225307.175 62.93 4.37 0.2289
672565.920287 9225307.63537 63.03 3.18 0.3147
672563.209096 9225308.09575 63.04 2.68 0.3727
672560.497906 9225308.55612 62.92 2.41 0.4148
672557.786716 9225309.0165 62.73 2.33 0.4290
672555.075525 9225309.47688 62.53 2.31 0.4329
672552.364335 9225309.93725 62.34 2.31 0.4333
672549.653144 9225310.39763 62.14 2.51 0.3979
672546.932095 9225310.85968 61.95 5.70 0.1754
672544.220904 9225311.32006 61.95 5.72 0.1748
672541.509714 9225311.78043 62.14 5.70 0.1755
672538.798523 9225312.24081 62.34 3.06 0.3270
672536.087333 9225312.70118 62.53 1.82 0.5510
672533.376143 9225313.16156 62.73 1.78 0.5631
672530.664952 9225313.62194 62.92 1.78 0.5631
672527.953762 9225314.08231 63.11 1.88 0.5322
672525.242571 9225314.54269 63.30 10.33 0.0968
672522.531381 9225315.00307 63.49 10.36 0.0965
672519.82019 9225315.46344 63.46 10.26 0.0975
672517.109 9225315.92382 63.20 3.52 0.2845
672514.397809 9225316.38419 62.91 2.52 0.3971
672511.686619 9225316.84457 62.63 2.52 0.3973
672508.975428 9225317.30495 62.34 2.53 0.3960
672506.264238 9225317.76532 62.04 2.53 0.3946
672503.553048 9225318.2257 61.75 2.63 0.3799
672500.841857 9225318.68608 61.46 6.11 0.1638
672498.130667 9225319.14645 61.38 6.07 0.1648
672495.419476 9225319.60683 61.56 5.74 0.1742
672492.708286 9225320.0672 61.76 5.73 0.1746
672489.997095 9225320.52758 61.95 9.77 0.1024
672487.285905 9225320.98796 62.15 9.83 0.1017
672484.574714 9225321.44833 62.34 9.78 0.1022
672481.863524 9225321.90871 62.53 3.66 0.2730
672479.152333 9225322.36909 62.96 2.59 0.3865
672476.441143 9225322.82946 64.20 2.58 0.3883
672473.729953 9225323.28984 65.99 14.88 0.0672
672471.018762 9225323.75021 67.69 36.73 0.0272
672468.307572 9225324.21059 69.27 53.65 0.0186
672465.596381 9225324.67097 70.71 53.60 0.0187
672462.885191 9225325.13134 71.62 34.76 0.0288
672460.174 9225325.59172 71.59 33.49 0.0299
672457.46281 9225326.0521 71.07 30.91 0.0324
672454.751619 9225326.51247 70.52 18.47 0.0541
672452.040429 9225326.97285 69.94 8.90 0.1124
672449.329238 9225327.43323 69.33 6.45 0.1551
672446.618048 9225327.8936 69.02 6.29 0.1591
672443.906858 9225328.35398 69.02 6.29 0.1590
672441.195667 9225328.81435 69.02 6.26 0.1598
672438.484477 9225329.27473 69.02 5.40 0.1853
672435.773286 9225329.73511 69.22 2.78 0.3600
672433.062096 9225330.19548 69.60 1.71 0.5841
672430.350905 9225330.65586 69.98 1.67 0.5970
672427.639715 9225331.11624 70.28 1.67 0.5970
672424.928524 9225331.57661 70.39 1.89 0.5288
672422.217334 9225332.03699 70.39 2.99 0.3341
672419.506143 9225332.49736 70.39 22.93 0.0436
672584.89862 9225304.41274 56.32 4.40 0.2272
672582.18743 9225304.87311 57.27 8.75 0.1143
672579.476239 9225305.33349 58.21 8.79 0.1137
672576.765049 9225305.79387 59.13 8.80 0.1136
672574.053858 9225306.25424 59.67 8.77 0.1140
672571.342668 9225306.71462 59.80 8.02 0.1246
672568.631477 9225307.175 59.89 4.37 0.2287
672565.920287 9225307.63537 59.98 3.10 0.3224
672563.209096 9225308.09575 60.00 2.30 0.4354
672560.497906 9225308.55612 59.88 2.24 0.4472
672557.786716 9225309.0165 59.70 2.23 0.4486
672555.075525 9225309.47688 59.52 2.23 0.4486
672552.364335 9225309.93725 59.33 2.24 0.4464
672549.653144 9225310.39763 59.15 2.52 0.3964
672546.932095 9225310.85968 58.97 5.69 0.1757
672544.220904 9225311.32006 58.97 5.71 0.1753
672541.509714 9225311.78043 59.15 5.68 0.1760
672538.798523 9225312.24081 59.33 3.05 0.3277
672536.087333 9225312.70118 59.52 1.81 0.5516
672533.376143 9225313.16156 59.70 1.77 0.5634
672530.664952 9225313.62194 59.88 1.78 0.5631
672527.953762 9225314.08231 60.06 6.82 0.1467
672525.242571 9225314.54269 60.24 11.27 0.0887
672522.531381 9225315.00307 60.42 11.30 0.0885
672519.82019 9225315.46344 60.39 11.26 0.0888
672517.109 9225315.92382 60.14 4.46 0.2243
672514.397809 9225316.38419 59.87 2.48 0.4031
672511.686619 9225316.84457 59.60 2.47 0.4040
672508.975428 9225317.30495 59.33 2.48 0.4027
672506.264238 9225317.76532 59.06 2.51 0.3990
672503.553048 9225318.2257 58.78 2.63 0.3808
672500.841857 9225318.68608 58.50 5.97 0.1676
672498.130667 9225319.14645 58.43 5.94 0.1683
672495.419476 9225319.60683 58.60 5.83 0.1716
672492.708286 9225320.0672 58.78 5.83 0.1714
672489.997095 9225320.52758 58.97 9.74 0.1027
672487.285905 9225320.98796 59.15 9.81 0.1019
672484.574714 9225321.44833 59.33 9.79 0.1021
672481.863524 9225321.90871 59.52 5.06 0.1978
672479.152333 9225322.36909 59.91 2.68 0.3733
672476.441143 9225322.82946 61.08 2.47 0.4050
672473.729953 9225323.28984 62.74 2.47 0.4042
672471.018762 9225323.75021 64.29 36.90 0.0271
672468.307572 9225324.21059 65.72 55.56 0.0180
672465.596381 9225324.67097 66.99 55.48 0.0180
672462.885191 9225325.13134 67.77 54.39 0.0184
672460.174 9225325.59172 67.75 40.02 0.0250
672457.46281 9225326.0521 67.30 30.85 0.0324
672454.751619 9225326.51247 66.82 18.31 0.0546
672452.040429 9225326.97285 66.32 8.85 0.1129
672449.329238 9225327.43323 65.78 6.63 0.1509
672446.618048 9225327.8936 65.50 6.35 0.1575
672443.906858 9225328.35398 65.50 6.30 0.1587
672441.195667 9225328.81435 65.50 5.99 0.1669
672438.484477 9225329.27473 65.50 5.41 0.1848
672435.773286 9225329.73511 65.68 2.78 0.3598
672433.062096 9225330.19548 66.02 1.78 0.5618
672430.350905 9225330.65586 66.35 1.78 0.5627
672427.639715 9225331.11624 66.62 1.79 0.5596
672424.928524 9225331.57661 66.72 13.19 0.0758
672579.476239 9225305.33349 54.99 8.81 0.1135
672576.765049 9225305.79387 55.85 8.82 0.1133
672574.053858 9225306.25424 56.36 8.81 0.1136
672571.342668 9225306.71462 56.48 8.04 0.1244
672568.631477 9225307.175 56.56 4.36 0.2296
672565.920287 9225307.63537 56.65 2.18 0.4587
672563.209096 9225308.09575 56.66 2.00 0.5000
672560.497906 9225308.55612 56.55 2.00 0.5010
672557.786716 9225309.0165 56.38 2.00 0.5005
672555.075525 9225309.47688 56.21 2.01 0.4983
672552.364335 9225309.93725 56.04 2.09 0.4778
672549.653144 9225310.39763 55.87 2.52 0.3976
672546.932095 9225310.85968 55.70 3.62 0.2759
672544.220904 9225311.32006 55.70 3.63 0.2756
672541.509714 9225311.78043 55.87 3.61 0.2769
672538.798523 9225312.24081 56.04 3.05 0.3278
672536.087333 9225312.70118 56.21 2.51 0.3986
672533.376143 9225313.16156 56.38 2.49 0.4013
672530.664952 9225313.62194 56.55 2.50 0.4003
672527.953762 9225314.08231 56.72 8.91 0.1122
672525.242571 9225314.54269 56.88 11.58 0.0864
672522.531381 9225315.00307 57.05 11.61 0.0861
672519.82019 9225315.46344 57.03 11.57 0.0864
672517.109 9225315.92382 56.80 6.17 0.1621
672514.397809 9225316.38419 56.55 2.48 0.4039
672511.686619 9225316.84457 56.29 2.45 0.4078
672508.975428 9225317.30495 56.04 2.45 0.4077
672506.264238 9225317.76532 55.78 2.47 0.4055
672503.553048 9225318.2257 55.52 2.60 0.3849
672500.841857 9225318.68608 55.26 5.71 0.1752
672498.130667 9225319.14645 55.19 5.78 0.1731
672495.419476 9225319.60683 55.35 5.79 0.1727
672492.708286 9225320.0672 55.52 5.84 0.1713
672489.997095 9225320.52758 55.70 7.87 0.1270
672487.285905 9225320.98796 55.87 8.14 0.1229
672484.574714 9225321.44833 56.04 8.15 0.1227
672481.863524 9225321.90871 56.21 5.07 0.1971
672479.152333 9225322.36909 56.58 2.91 0.3438
672476.441143 9225322.82946 57.66 2.42 0.4129
672473.729953 9225323.28984 59.19 2.41 0.4141
672471.018762 9225323.75021 60.61 36.68 0.0273
672468.307572 9225324.21059 61.88 55.51 0.0180
672465.596381 9225324.67097 62.99 55.57 0.0180
672462.885191 9225325.13134 63.65 54.59 0.0183
672460.174 9225325.59172 63.63 40.10 0.0249
672457.46281 9225326.0521 63.25 30.72 0.0326
672454.751619 9225326.51247 62.85 18.09 0.0553
672452.040429 9225326.97285 62.41 8.67 0.1153
672449.329238 9225327.43323 61.94 6.75 0.1481
672446.618048 9225327.8936 61.69 6.46 0.1547
672443.906858 9225328.35398 61.69 6.35 0.1575
672441.195667 9225328.81435 61.69 6.02 0.1661
672438.484477 9225329.27473 61.69 5.62 0.1781
672435.773286 9225329.73511 61.85 5.49 0.1820
672433.062096 9225330.19548 62.15 5.52 0.1812
672430.350905 9225330.65586 62.44 5.80 0.1725
672574.053858 9225306.25424 52.69 8.80 0.1137
672571.342668 9225306.71462 52.80 5.78 0.1730
672568.631477 9225307.175 52.88 1.39 0.7205
672565.920287 9225307.63537 52.96 1.29 0.7776
672563.209096 9225308.09575 52.97 1.28 0.7819
672560.497906 9225308.55612 52.87 1.28 0.7813
672557.786716 9225309.0165 52.71 1.28 0.7800
672555.075525 9225309.47688 52.56 1.29 0.7752
672552.364335 9225309.93725 52.40 1.34 0.7479
672549.653144 9225310.39763 52.24 1.60 0.6262
672546.932095 9225310.85968 52.08 1.98 0.5045
672544.220904 9225311.32006 52.08 3.09 0.3238
672541.509714 9225311.78043 52.24 3.15 0.3178
672538.798523 9225312.24081 52.40 3.12 0.3210
672536.087333 9225312.70118 52.56 3.10 0.3229
672533.376143 9225313.16156 52.71 3.10 0.3228
672530.664952 9225313.62194 52.87 4.35 0.2299
672527.953762 9225314.08231 53.03 11.66 0.0858
672525.242571 9225314.54269 53.18 11.88 0.0842
672522.531381 9225315.00307 53.33 11.90 0.0840
672519.82019 9225315.46344 53.31 11.88 0.0842
672517.109 9225315.92382 53.10 9.06 0.1103
672514.397809 9225316.38419 52.87 2.55 0.3920
672511.686619 9225316.84457 52.63 2.41 0.4144
672508.975428 9225317.30495 52.39 2.41 0.4143
672506.264238 9225317.76532 52.15 2.42 0.4129
672503.553048 9225318.2257 51.91 2.54 0.3939
672500.841857 9225318.68608 51.67 3.81 0.2625
672498.130667 9225319.14645 51.61 4.13 0.2422
672495.419476 9225319.60683 51.75 4.25 0.2351
672492.708286 9225320.0672 51.92 4.37 0.2289
672489.997095 9225320.52758 52.08 4.51 0.2219
672487.285905 9225320.98796 52.24 4.59 0.2181
672484.574714 9225321.44833 52.40 4.61 0.2169
672481.863524 9225321.90871 52.56 4.61 0.2170
672479.152333 9225322.36909 52.90 2.99 0.3343
672476.441143 9225322.82946 53.90 2.21 0.4529
672473.729953 9225323.28984 55.30 1.71 0.5858
672471.018762 9225323.75021 56.57 1.70 0.5875
672468.307572 9225324.21059 57.70 1.89 0.5285
672465.596381 9225324.67097 58.64 4.99 0.2002
672462.885191 9225325.13134 59.19 5.42 0.1846
672460.174 9225325.59172 59.17 5.79 0.1727
672457.46281 9225326.0521 58.87 6.17 0.1620
672454.751619 9225326.51247 58.53 6.47 0.1546
672452.040429 9225326.97285 58.15 6.63 0.1509
672449.329238 9225327.43323 57.75 6.68 0.1497
672446.618048 9225327.8936 57.53 6.48 0.1543
672443.906858 9225328.35398 57.53 6.37 0.1570
672441.195667 9225328.81435 57.53 6.05 0.1653
672438.484477 9225329.27473 57.53 5.83 0.1715
672435.773286 9225329.73511 57.67 5.75 0.1739
672568.631477 9225307.175 48.83 0.57 1.75
672565.920287 9225307.63537 48.90 0.56 1.78
672563.209096 9225308.09575 48.91 0.56 1.77
672560.497906 9225308.55612 48.82 0.56 1.77
672557.786716 9225309.0165 48.67 0.57 1.76
672555.075525 9225309.47688 48.53 0.58 1.72
672552.364335 9225309.93725 48.38 0.67 1.49
672549.653144 9225310.39763 48.23 0.75 1.32
672546.932095 9225310.85968 48.09 0.99 1.01
672544.220904 9225311.32006 48.09 3.07 0.3254
672541.509714 9225311.78043 48.23 3.21 0.3119
672538.798523 9225312.24081 48.38 3.24 0.3089
672536.087333 9225312.70118 48.53 3.33 0.2999
672533.376143 9225313.16156 48.67 4.63 0.2158
672530.664952 9225313.62194 48.82 10.31 0.0970
672527.953762 9225314.08231 48.96 12.64 0.0791
672525.242571 9225314.54269 49.10 12.69 0.0788
672522.531381 9225315.00307 49.24 12.70 0.0787
672519.82019 9225315.46344 49.23 12.68 0.0789
672517.109 9225315.92382 49.03 12.17 0.0822
672514.397809 9225316.38419 48.81 3.58 0.2794
672511.686619 9225316.84457 48.60 2.27 0.4399
672508.975428 9225317.30495 48.38 2.18 0.4581
672506.264238 9225317.76532 48.16 2.18 0.4585
672503.553048 9225318.2257 47.93 2.18 0.4577
672500.841857 9225318.68608 47.71 2.20 0.4550
672498.130667 9225319.14645 47.65 2.22 0.4505
672495.419476 9225319.60683 47.79 2.25 0.4442
672492.708286 9225320.0672 47.94 2.29 0.4367
672489.997095 9225320.52758 48.09 2.33 0.4288
672487.285905 9225320.98796 48.23 2.37 0.4227
672484.574714 9225321.44833 48.38 2.38 0.4193
672481.863524 9225321.90871 48.53 2.39 0.4181
672479.152333 9225322.36909 48.85 2.39 0.4186
672476.441143 9225322.82946 49.76 2.21 0.4533
672473.729953 9225323.28984 51.03 1.75 0.5727
672471.018762 9225323.75021 52.16 1.74 0.5741
672468.307572 9225324.21059 53.14 1.76 0.5675
672465.596381 9225324.67097 53.93 1.98 0.5045
672462.885191 9225325.13134 54.38 2.83 0.3540
672460.174 9225325.59172 54.36 4.49 0.2229
672457.46281 9225326.0521 54.12 5.57 0.1797
672454.751619 9225326.51247 53.84 5.93 0.1685
672452.040429 9225326.97285 53.53 6.05 0.1652
672449.329238 9225327.43323 53.19 6.10 0.1640
672446.618048 9225327.8936 53.01 6.11 0.1636
672443.906858 9225328.35398 53.01 6.11 0.1635
672441.195667 9225328.81435 53.01 5.98 0.1671
672560.497906 9225308.55612 44.32 0.42 2.38
672557.786716 9225309.0165 44.19 0.42 2.38
672555.075525 9225309.47688 44.05 0.42 2.36
672552.364335 9225309.93725 43.92 0.67 1.49
672549.653144 9225310.39763 43.78 0.75 1.33
672546.932095 9225310.85968 43.65 0.93 1.08
672544.220904 9225311.32006 43.65 3.08 0.3251
672541.509714 9225311.78043 43.78 3.43 0.2917
672538.798523 9225312.24081 43.92 3.87 0.2585
672536.087333 9225312.70118 44.05 5.82 0.1720
672533.376143 9225313.16156 44.19 10.25 0.0976
672530.664952 9225313.62194 44.32 13.88 0.0720
672527.953762 9225314.08231 44.45 13.96 0.0716
672525.242571 9225314.54269 44.58 13.98 0.0715
672522.531381 9225315.00307 44.71 13.97 0.0716
672519.82019 9225315.46344 44.69 13.94 0.0717
672517.109 9225315.92382 44.51 13.40 0.0746
672514.397809 9225316.38419 44.31 4.94 0.2024
672511.686619 9225316.84457 44.12 2.17 0.4598
672508.975428 9225317.30495 43.92 1.46 0.6831
672506.264238 9225317.76532 43.71 1.42 0.7027
672503.553048 9225318.2257 43.51 1.42 0.7032
672500.841857 9225318.68608 43.30 1.42 0.7022
672498.130667 9225319.14645 43.25 1.43 0.7003
672495.419476 9225319.60683 43.37 1.44 0.6964
672492.708286 9225320.0672 43.51 1.45 0.6882
672489.997095 9225320.52758 43.65 1.49 0.6734
672487.285905 9225320.98796 43.78 1.54 0.6494
672484.574714 9225321.44833 43.92 1.62 0.6184
672481.863524 9225321.90871 44.05 1.69 0.5921
672479.152333 9225322.36909 44.34 1.73 0.5774
672476.441143 9225322.82946 45.17 1.76 0.5688
672473.729953 9225323.28984 46.31 1.75 0.5698
672471.018762 9225323.75021 47.31 1.75 0.5698
672468.307572 9225324.21059 48.15 1.77 0.5643
672465.596381 9225324.67097 48.80 1.98 0.5043
672462.885191 9225325.13134 49.14 2.71 0.3686
672460.174 9225325.59172 49.13 4.19 0.2387
672457.46281 9225326.0521 48.95 5.34 0.1873
672454.751619 9225326.51247 48.73 5.92 0.1689
672452.040429 9225326.97285 48.47 5.99 0.1671
672449.329238 9225327.43323 48.19 6.02 0.1661
672555.075525 9225309.47688 39.05 0.42 2.38
672552.364335 9225309.93725 38.93 0.68 1.48
672549.653144 9225310.39763 38.81 0.75 1.33
672546.932095 9225310.85968 38.68 0.90 1.12
672544.220904 9225311.32006 38.68 3.09 0.3234
672541.509714 9225311.78043 38.81 5.13 0.1950
672538.798523 9225312.24081 38.93 9.79 0.1022
672536.087333 9225312.70118 39.05 14.79 0.0676
672533.376143 9225313.16156 39.17 16.25 0.0615
672530.664952 9225313.62194 39.29 16.32 0.0613
672527.953762 9225314.08231 39.41 16.34 0.0612
672525.242571 9225314.54269 39.53 16.34 0.0612
672522.531381 9225315.00307 39.64 16.32 0.0613
672519.82019 9225315.46344 39.63 16.26 0.0615
672517.109 9225315.92382 39.46 13.74 0.0728
672514.397809 9225316.38419 39.29 5.04 0.1986
672511.686619 9225316.84457 39.11 2.14 0.4677
672508.975428 9225317.30495 38.93 1.20 0.8333
672506.264238 9225317.76532 38.74 0.82 1.23
672503.553048 9225318.2257 38.56 0.80 1.25
672500.841857 9225318.68608 38.37 0.80 1.25
672498.130667 9225319.14645 38.32 0.80 1.25
672495.419476 9225319.60683 38.43 0.81 1.24
672492.708286 9225320.0672 38.56 0.81 1.24
672489.997095 9225320.52758 38.68 0.81 1.23
672487.285905 9225320.98796 38.81 0.82 1.22
672484.574714 9225321.44833 38.93 0.84 1.19
672481.863524 9225321.90871 39.05 0.86 1.16
672479.152333 9225322.36909 39.31 0.89 1.12
672476.441143 9225322.82946 40.05 1.12 0.8913
672473.729953 9225323.28984 41.06 1.71 0.5838
672471.018762 9225323.75021 41.93 1.75 0.5724
672468.307572 9225324.21059 42.64 1.77 0.5634
672465.596381 9225324.67097 43.16 1.98 0.5043
672462.885191 9225325.13134 43.42 2.68 0.3736
672460.174 9225325.59172 43.41 3.39 0.2951
672457.46281 9225326.0521 43.28 4.67 0.2142
672454.751619 9225326.51247 43.11 5.85 0.1708
672546.932095 9225310.85968 33.35 0.75 1.32
672544.220904 9225311.32006 33.35 5.25 0.1906
672541.509714 9225311.78043 33.46 15.22 0.0657
672538.798523 9225312.24081 33.56 19.94 0.0502
672536.087333 9225312.70118 33.67 20.18 0.0496
672533.376143 9225313.16156 33.77 20.22 0.0495
672530.664952 9225313.62194 33.87 20.22 0.0495
672527.953762 9225314.08231 33.97 20.20 0.0495
672525.242571 9225314.54269 34.07 20.15 0.0496
672522.531381 9225315.00307 34.17 19.89 0.0503
672519.82019 9225315.46344 34.16 17.72 0.0564
672517.109 9225315.92382 34.02 13.77 0.0726
672514.397809 9225316.38419 33.87 5.06 0.1977
672511.686619 9225316.84457 33.72 2.12 0.4713
672508.975428 9225317.30495 33.56 1.15 0.8666
672506.264238 9225317.76532 33.40 0.61 1.65
672503.553048 9225318.2257 33.24 0.54 1.86
672500.841857 9225318.68608 33.08 0.54 1.86
672498.130667 9225319.14645 33.04 0.54 1.86
672495.419476 9225319.60683 33.14 0.54 1.86
672492.708286 9225320.0672 33.25 0.54 1.86
672489.997095 9225320.52758 33.35 0.54 1.85
672487.285905 9225320.98796 33.46 0.54 1.85
672484.574714 9225321.44833 33.56 0.55 1.83
672481.863524 9225321.90871 33.67 0.55 1.81
672479.152333 9225322.36909 33.89 0.57 1.77
672476.441143 9225322.82946 34.51 0.72 1.39
672473.729953 9225323.28984 35.35 1.67 0.5981
672471.018762 9225323.75021 36.04 1.71 0.5858
672468.307572 9225324.21059 36.58 1.75 0.5701
672465.596381 9225324.67097 36.94 1.88 0.5308
672462.885191 9225325.13134 37.11 2.66 0.3766
672536.087333 9225312.70118 27.74 167.04 0.005987
672533.376143 9225313.16156 27.83 55.76 0.0179
672530.664952 9225313.62194 27.92 37.32 0.0268
672527.953762 9225314.08231 28.00 28.84 0.0347
672525.242571 9225314.54269 28.09 24.59 0.0407
672522.531381 9225315.00307 28.18 19.99 0.0500
672519.82019 9225315.46344 28.16 17.78 0.0562
672517.109 9225315.92382 28.04 13.79 0.0725
672514.397809 9225316.38419 27.91 5.07 0.1973
672511.686619 9225316.84457 27.78 2.11 0.4730
672508.975428 9225317.30495 27.64 1.15 0.8726
672506.264238 9225317.76532 27.50 0.57 1.74
672503.553048 9225318.2257 27.36 0.47 2.12
672500.841857 9225318.68608 27.21 0.47 2.14
672498.130667 9225319.14645 27.18 0.47 2.14
672495.419476 9225319.60683 27.26 0.47 2.14
672492.708286 9225320.0672 27.36 0.47 2.13
672489.997095 9225320.52758 27.46 0.47 2.13
672487.285905 9225320.98796 27.55 0.47 2.11
672484.574714 9225321.44833 27.64 0.48 2.10
672481.863524 9225321.90871 27.74 0.48 2.07
672479.152333 9225322.36909 27.93 0.49 2.02
672476.441143 9225322.82946 28.47 0.62 1.61
672473.729953 9225323.28984 29.19 1.63 0.6128
