672454.747359 9225322.7989 57.43 4.58 0.2184
672457.484293 9225323.06665 57.40 8.03 0.1245
672460.221227 9225323.33441 57.37 13.97 0.0716
672462.958161 9225323.60216 57.34 5.37 0.1863
672465.695095 9225323.86992 57.29 17.34 0.0577
672468.432029 9225324.13767 57.05 5.65 0.1770
672471.168963 9225324.40542 56.62 8.09 0.1236
672473.905897 9225324.67318 56.15 8.43 0.1186
672476.642831 9225324.94093 55.66 3.05 0.3279
672479.379765 9225325.20869 55.15 11.88 0.0842
672482.116699 9225325.47644 54.90 7.40 0.1351
672484.853633 9225325.7442 54.90 15.31 0.0653
672487.590567 9225326.01195 54.92 0.23 4.33
672490.327501 9225326.2797 55.00 16.33 0.0612
672493.064435 9225326.54746 55.11 0.28 3.56
672495.801369 9225326.81521 55.21 13.23 0.0756
672498.538303 9225327.08297 55.32 2.97 0.3370
672501.275237 9225327.35072 55.42 19.50 0.0513
672504.012171 9225327.61848 55.53 3.64 0.2748
672506.749105 9225327.88623 55.59 18.46 0.0542
672509.486039 9225328.15398 55.62 4.11 0.2436
672512.232925 9225328.42271 55.64 46.18 0.0217
672514.969859 9225328.69047 55.66 11.30 0.0885
672517.706793 9225328.95822 55.69 36.53 0.0274
672520.443727 9225329.22597 55.74 41.10 0.0243
672523.180661 9225329.49373 55.78 21.97 0.0455
672525.917595 9225329.76148 55.82 41.81 0.0239
672528.654529 9225330.02924 55.86 6.31 0.1584
672531.391463 9225330.29699 55.90 15.56 0.0643
672534.128397 9225330.56475 55.96 2.25 0.4448
672536.865331 9225330.8325 56.05 8.11 0.1233
672539.602265 9225331.10025 56.15 2.56 0.3902
672542.339199 9225331.36801 56.23 8.99 0.1113
672545.076133 9225331.63576 56.31 7.41 0.1350
672547.813067 9225331.90352 56.39 11.04 0.0906
672550.550001 9225332.17127 56.46 10.50 0.0952
672553.286935 9225332.43903 56.54 10.42 0.0960
672556.023869 9225332.70678 56.61 10.43 0.0959
672558.760803 9225332.97453 56.69 7.17 0.1395
672561.497737 9225333.24229 56.76 5.15 0.1941
672564.234671 9225333.51004 56.83 2.48 0.4026
672566.971605 9225333.7778 56.87 4.05 0.2472
672569.708539 9225334.04555 56.91 4.67 0.2141
672572.445473 9225334.3133 56.83 9.78 0.1022
672575.182407 9225334.58106 56.64 4.21 0.2375
672577.919341 9225334.84881 56.58 2.17 0.4604
672580.656275 9225335.11657 56.65 7.31 0.1369
672583.393209 9225335.38432 56.66 7.33 0.1364
672586.130143 9225335.65208 56.57 3.58 0.2797
672588.867077 9225335.91983 56.41 3.06 0.3270
672591.604011 9225336.18758 56.26 1.15 0.8711
672594.340945 9225336.45534 56.18 7.44 0.1343
672597.077879 9225336.72309 56.19 2.53 0.3960
672599.814813 9225336.99085 56.21 7.68 0.1301
672602.551747 9225337.2586 56.23 2.44 0.4102
672605.288681 9225337.52636 56.23 7.94 0.1259
672608.025615 9225337.79411 56.23 3.85 0.2599
672610.762549 9225338.06186 56.20 1.94 0.5163
672454.747359 9225322.7989 54.90 4.67 0.2143
672457.484293 9225323.06665 54.89 2.00 0.5008
672460.221227 9225323.33441 54.88 5.35 0.1871
672462.958161 9225323.60216 54.86 5.34 0.1873
672465.695095 9225323.86992 54.84 5.36 0.1867
672468.432029 9225324.13767 54.70 5.48 0.1826
672471.168963 9225324.40542 54.42 5.86 0.1706
672473.905897 9225324.67318 54.09 5.38 0.1858
672476.642831 9225324.94093 53.72 3.85 0.2600
672479.379765 9225325.20869 53.32 7.39 0.1354
672482.116699 9225325.47644 53.11 7.39 0.1353
672484.853633 9225325.7442 53.11 15.39 0.0650
672487.590567 9225326.01195 53.13 15.84 0.0631
672490.327501 9225326.2797 53.19 15.99 0.0625
672493.064435 9225326.54746 53.28 10.98 0.0911
672495.801369 9225326.81521 53.37 12.63 0.0792
672498.538303 9225327.08297 53.45 2.61 0.3834
672501.275237 9225327.35072 53.53 3.01 0.3324
672504.012171 9225327.61848 53.62 3.63 0.2751
672506.749105 9225327.88623 53.67 4.76 0.2103
672509.486039 9225328.15398 53.69 3.39 0.2947
672512.232925 9225328.42271 53.70 2.55 0.3923
672514.969859 9225328.69047 53.72 10.40 0.0962
672517.706793 9225328.95822 53.75 10.37 0.0964
672520.443727 9225329.22597 53.78 9.80 0.1020
672523.180661 9225329.49373 53.81 15.80 0.0633
672525.917595 9225329.76148 53.84 15.69 0.0637
672528.654529 9225330.02924 53.88 5.13 0.1950
672531.391463 9225330.29699 53.91 4.11 0.2436
672534.128397 9225330.56475 53.95 3.44 0.2904
672536.865331 9225330.8325 54.02 3.95 0.2532
672539.602265 9225331.10025 54.09 2.79 0.3589
672542.339199 9225331.36801 54.15 2.79 0.3583
672545.076133 9225331.63576 54.21 1.80 0.5543
672547.813067 9225331.90352 54.27 6.55 0.1528
672550.550001 9225332.17127 54.32 1.96 0.5102
672553.286935 9225332.43903 54.37 1.88 0.5316
672556.023869 9225332.70678 54.43 1.89 0.5294
672558.760803 9225332.97453 54.48 1.77 0.5640
672561.497737 9225333.24229 54.52 1.77 0.5659
672564.234671 9225333.51004 54.57 2.48 0.4027
672566.971605 9225333.7778 54.60 4.02 0.2488
672569.708539 9225334.04555 54.62 1.34 0.7485
672572.445473 9225334.3133 54.57 1.34 0.7491
672575.182407 9225334.58106 54.44 4.20 0.2378
672577.919341 9225334.84881 54.40 2.38 0.4196
672580.656275 9225335.11657 54.45 2.29 0.4373
672583.393209 9225335.38432 54.46 2.32 0.4312
672586.130143 9225335.65208 54.39 2.94 0.3406
672588.867077 9225335.91983 54.29 2.91 0.3432
672591.604011 9225336.18758 54.18 1.26 0.7962
672594.340945 9225336.45534 54.12 2.41 0.4143
672597.077879 9225336.72309 54.13 2.40 0.4158
672599.814813 9225336.99085 54.14 2.40 0.4167
672602.551747 9225337.2586 54.15 2.41 0.4151
672605.288681 9225337.52636 54.16 3.88 0.2580
672608.025615 9225337.79411 54.16 3.87 0.2583
672610.762549 9225338.06186 54.13 3.98 0.2509
672454.747359 9225322.7989 52.44 21.46 0.0466
672457.484293 9225323.06665 52.43 1.17 0.8511
672460.221227 9225323.33441 52.43 3.55 0.2818
672462.958161 9225323.60216 52.42 4.63 0.2160
672465.695095 9225323.86992 52.41 4.91 0.2039
672468.432029 9225324.13767 52.34 4.92 0.2032
672471.168963 9225324.40542 52.17 4.89 0.2044
672473.905897 9225324.67318 51.94 4.19 0.2387
672476.642831 9225324.94093 51.66 3.85 0.2599
672479.379765 9225325.20869 51.34 3.85 0.2601
672482.116699 9225325.47644 51.17 3.84 0.2601
672484.853633 9225325.7442 51.17 4.11 0.2431
672487.590567 9225326.01195 51.19 14.76 0.0678
672490.327501 9225326.2797 51.24 14.74 0.0678
672493.064435 9225326.54746 51.31 1.36 0.7380
672495.801369 9225326.81521 51.38 1.34 0.7440
672498.538303 9225327.08297 51.45 2.47 0.4050
672501.275237 9225327.35072 51.52 2.99 0.3341
672504.012171 9225327.61848 51.58 2.98 0.3355
672506.749105 9225327.88623 51.62 2.54 0.3934
672509.486039 9225328.15398 51.64 2.57 0.3887
672512.232925 9225328.42271 51.65 2.56 0.3911
672514.969859 9225328.69047 51.66 1.66 0.6013
672517.706793 9225328.95822 51.68 1.43 0.6998
672520.443727 9225329.22597 51.71 1.45 0.6901
672523.180661 9225329.49373 51.73 2.37 0.4212
672525.917595 9225329.76148 51.76 2.00 0.5005
672528.654529 9225330.02924 51.78 2.00 0.5013
672531.391463 9225330.29699 51.80 2.02 0.4941
672534.128397 9225330.56475 51.84 3.44 0.2903
672536.865331 9225330.8325 51.89 3.56 0.2813
672539.602265 9225331.10025 51.94 2.79 0.3589
672542.339199 9225331.36801 51.98 2.69 0.3712
672545.076133 9225331.63576 52.02 1.83 0.5467
672547.813067 9225331.90352 52.06 1.94 0.5165
672550.550001 9225332.17127 52.10 1.94 0.5165
672553.286935 9225332.43903 52.14 1.89 0.5302
672556.023869 9225332.70678 52.17 1.88 0.5305
672558.760803 9225332.97453 52.20 1.77 0.5650
672561.497737 9225333.24229 52.24 1.77 0.5663
672564.234671 9225333.51004 52.26 2.46 0.4068
672566.971605 9225333.7778 52.28 2.48 0.4029
672569.708539 9225334.04555 52.29 1.47 0.6803
672572.445473 9225334.3133 52.26 1.47 0.6803
672575.182407 9225334.58106 52.18 2.90 0.3446
672577.919341 9225334.84881 52.15 2.39 0.4186
672580.656275 9225335.11657 52.19 2.28 0.4384
672583.393209 9225335.38432 52.19 2.29 0.4365
672586.130143 9225335.65208 52.15 2.36 0.4243
672588.867077 9225335.91983 52.08 2.36 0.4246
672591.604011 9225336.18758 52.00 2.23 0.4490
672594.340945 9225336.45534 51.96 2.25 0.4448
672597.077879 9225336.72309 51.97 2.25 0.4439
672599.814813 9225336.99085 51.98 2.23 0.4476
672602.551747 9225337.2586 51.98 1.54 0.6502
672605.288681 9225337.52636 51.99 1.53 0.6515
672608.025615 9225337.79411 51.99 1.94 0.5144
672610.762549 9225338.06186 51.97 4.00 0.2502
672457.484293 9225323.06665 49.85 1.17 0.8532
672460.221227 9225323.33441 49.85 3.53 0.2832
672462.958161 9225323.60216 49.85 3.96 0.2528
672465.695095 9225323.86992 49.85 3.99 0.2506
672468.432029 9225324.13767 49.81 4.00 0.2502
672471.168963 9225324.40542 49.71 3.99 0.2508
672473.905897 9225324.67318 49.56 3.96 0.2525
672476.642831 9225324.94093 49.36 3.83 0.2610
672479.379765 9225325.20869 49.11 3.82 0.2618
672482.116699 9225325.47644 48.98 3.82 0.2618
672484.853633 9225325.7442 48.98 4.10 0.2440
672487.590567 9225326.01195 48.99 14.43 0.0693
672490.327501 9225326.2797 49.03 14.45 0.0692
672493.064435 9225326.54746 49.09 1.36 0.7331
672495.801369 9225326.81521 49.14 1.36 0.7380
672498.538303 9225327.08297 49.20 2.48 0.4027
672501.275237 9225327.35072 49.25 2.98 0.3352
672504.012171 9225327.61848 49.30 2.96 0.3375
672506.749105 9225327.88623 49.33 2.45 0.4077
672509.486039 9225328.15398 49.34 2.48 0.4032
672512.232925 9225328.42271 49.35 2.68 0.3727
672514.969859 9225328.69047 49.36 2.75 0.3634
672517.706793 9225328.95822 49.37 2.76 0.3628
672520.443727 9225329.22597 49.39 2.75 0.3636
672523.180661 9225329.49373 49.41 2.69 0.3715
672525.917595 9225329.76148 49.43 2.00 0.4998
672528.654529 9225330.02924 49.45 1.99 0.5018
672531.391463 9225330.29699 49.46 2.01 0.4988
672534.128397 9225330.56475 49.49 2.66 0.3765
672536.865331 9225330.8325 49.53 2.66 0.3761
672539.602265 9225331.10025 49.56 2.65 0.3771
672542.339199 9225331.36801 49.59 2.08 0.4805
672545.076133 9225331.63576 49.62 1.91 0.5247
672547.813067 9225331.90352 49.65 1.93 0.5168
672550.550001 9225332.17127 49.67 1.99 0.5038
672553.286935 9225332.43903 49.69 2.00 0.4995
672556.023869 9225332.70678 49.72 2.00 0.4990
672558.760803 9225332.97453 49.74 1.99 0.5025
672561.497737 9225333.24229 49.75 1.99 0.5035
672564.234671 9225333.51004 49.77 2.21 0.4531
672566.971605 9225333.7778 49.78 2.21 0.4515
672569.708539 9225334.04555 49.79 2.21 0.4529
672572.445473 9225334.3133 49.77 2.22 0.4507
672575.182407 9225334.58106 49.72 2.41 0.4155
672577.919341 9225334.84881 49.70 2.38 0.4196
672580.656275 9225335.11657 49.73 2.28 0.4384
672583.393209 9225335.38432 49.73 2.28 0.4380
672586.130143 9225335.65208 49.70 2.29 0.4359
672588.867077 9225335.91983 49.65 2.29 0.4365
672591.604011 9225336.18758 49.60 2.25 0.4446
672594.340945 9225336.45534 49.57 2.25 0.4446
672597.077879 9225336.72309 49.58 2.25 0.4448
672599.814813 9225336.99085 49.59 2.23 0.4476
672602.551747 9225337.2586 49.59 1.54 0.6485
672605.288681 9225337.52636 49.59 1.54 0.6498
672608.025615 9225337.79411 49.59 2.21 0.4528
672462.958161 9225323.60216 47.10 3.52 0.2838
672465.695095 9225323.86992 47.10 3.63 0.2758
672468.432029 9225324.13767 47.09 3.66 0.2734
672471.168963 9225324.40542 47.04 3.68 0.2717
672473.905897 9225324.67318 46.94 3.71 0.2696
672476.642831 9225324.94093 46.79 3.74 0.2671
672479.379765 9225325.20869 46.61 3.77 0.2655
672482.116699 9225325.47644 46.51 3.80 0.2635
672484.853633 9225325.7442 46.51 4.10 0.2439
672487.590567 9225326.01195 46.52 14.30 0.0699
672490.327501 9225326.2797 46.55 14.34 0.0697
672493.064435 9225326.54746 46.60 7.69 0.1301
672495.801369 9225326.81521 46.64 2.61 0.3826
672498.538303 9225327.08297 46.68 2.52 0.3975
672501.275237 9225327.35072 46.72 2.51 0.3978
672504.012171 9225327.61848 46.75 1.96 0.5112
672506.749105 9225327.88623 46.78 1.76 0.5695
672509.486039 9225328.15398 46.78 1.76 0.5685
672512.232925 9225328.42271 46.79 2.66 0.3765
672514.969859 9225328.69047 46.80 2.75 0.3640
672517.706793 9225328.95822 46.81 2.76 0.3626
672520.443727 9225329.22597 46.82 2.75 0.3634
672523.180661 9225329.49373 46.84 2.70 0.3705
672525.917595 9225329.76148 46.85 2.09 0.4785
672528.654529 9225330.02924 46.86 2.00 0.5010
672531.391463 9225330.29699 46.87 1.98 0.5040
672534.128397 9225330.56475 46.89 1.96 0.5110
672536.865331 9225330.8325 46.92 1.92 0.5198
672539.602265 9225331.10025 46.94 1.91 0.5222
672542.339199 9225331.36801 46.96 1.91 0.5233
672545.076133 9225331.63576 46.98 1.91 0.5236
672547.813067 9225331.90352 47.00 1.94 0.5165
672550.550001 9225332.17127 47.01 2.87 0.3487
672553.286935 9225332.43903 47.03 2.89 0.3460
672556.023869 9225332.70678 47.04 2.89 0.3458
672558.760803 9225332.97453 47.05 2.87 0.3482
672561.497737 9225333.24229 47.06 2.28 0.4386
672564.234671 9225333.51004 47.07 2.20 0.4535
672566.971605 9225333.7778 47.08 2.20 0.4537
672569.708539 9225334.04555 47.08 2.21 0.4533
672572.445473 9225334.3133 47.07 2.22 0.4507
672575.182407 9225334.58106 47.04 2.27 0.4399
672577.919341 9225334.84881 47.03 2.28 0.4396
672580.656275 9225335.11657 47.05 2.27 0.4403
672583.393209 9225335.38432 47.05 2.27 0.4403
672586.130143 9225335.65208 47.03 2.27 0.4398
672588.867077 9225335.91983 47.00 2.27 0.4405
672591.604011 9225336.18758 46.97 2.25 0.4437
672594.340945 9225336.45534 46.95 2.25 0.4442
672597.077879 9225336.72309 46.95 2.25 0.4446
672599.814813 9225336.99085 46.96 2.24 0.4464
672602.551747 9225337.2586 46.96 2.22 0.4511
672468.432029 9225324.13767 44.15 3.52 0.2838
672471.168963 9225324.40542 44.12 3.54 0.2826
672473.905897 9225324.67318 44.06 3.57 0.2803
672476.642831 9225324.94093 43.96 3.62 0.2765
672479.379765 9225325.20869 43.83 3.67 0.2725
672482.116699 9225325.47644 43.76 3.76 0.2657
672484.853633 9225325.7442 43.76 4.09 0.2442
672487.590567 9225326.01195 43.77 13.82 0.0724
672490.327501 9225326.2797 43.79 13.84 0.0723
672493.064435 9225326.54746 43.82 7.69 0.1300
672495.801369 9225326.81521 43.85 2.71 0.3687
672498.538303 9225327.08297 43.88 1.74 0.5734
672501.275237 9225327.35072 43.91 1.28 0.7782
672504.012171 9225327.61848 43.94 1.24 0.8065
672506.749105 9225327.88623 43.95 1.23 0.8110
672509.486039 9225328.15398 43.96 1.23 0.8104
672512.232925 9225328.42271 43.96 1.25 0.7981
672514.969859 9225328.69047 43.97 2.53 0.3946
672517.706793 9225328.95822 43.98 2.69 0.3711
672520.443727 9225329.22597 43.98 2.70 0.3700
672523.180661 9225329.49373 43.99 2.69 0.3717
672525.917595 9225329.76148 44.00 2.10 0.4764
672528.654529 9225330.02924 44.01 2.00 0.4998
672531.391463 9225330.29699 44.02 1.98 0.5056
672534.128397 9225330.56475 44.03 1.93 0.5181
672536.865331 9225330.8325 44.05 1.91 0.5236
672539.602265 9225331.10025 44.06 1.90 0.5255
672542.339199 9225331.36801 44.08 1.90 0.5255
672545.076133 9225331.63576 44.09 1.91 0.5238
672547.813067 9225331.90352 44.10 1.94 0.5163
672550.550001 9225332.17127 44.11 2.88 0.3477
672553.286935 9225332.43903 44.12 2.90 0.3451
672556.023869 9225332.70678 44.12 2.90 0.3448
672558.760803 9225332.97453 44.13 2.88 0.3466
672561.497737 9225333.24229 44.14 2.37 0.4212
672564.234671 9225333.51004 44.14 2.19 0.4556
672566.971605 9225333.7778 44.14 2.18 0.4579
672569.708539 9225334.04555 44.15 2.18 0.4583
672572.445473 9225334.3133 44.14 2.19 0.4575
672575.182407 9225334.58106 44.13 2.19 0.4562
672577.919341 9225334.84881 44.12 2.20 0.4548
672580.656275 9225335.11657 44.13 2.21 0.4531
672583.393209 9225335.38432 44.13 2.22 0.4507
672586.130143 9225335.65208 44.12 2.23 0.4480
672588.867077 9225335.91983 44.10 2.24 0.4462
672591.604011 9225336.18758 44.08 2.25 0.4446
672594.340945 9225336.45534 44.07 2.25 0.4444
672597.077879 9225336.72309 44.07 2.25 0.4441
672473.905897 9225324.67318 40.88 3.45 0.2902
672476.642831 9225324.94093 40.82 3.46 0.2889
672479.379765 9225325.20869 40.73 3.52 0.2838
672482.116699 9225325.47644 40.67 3.67 0.2725
672484.853633 9225325.7442 40.67 4.06 0.2461
672487.590567 9225326.01195 40.68 7.61 0.1314
672490.327501 9225326.2797 40.70 7.64 0.1309
672493.064435 9225326.54746 40.72 7.62 0.1313
672495.801369 9225326.81521 40.74 2.72 0.3675
672498.538303 9225327.08297 40.76 1.65 0.6064
672501.275237 9225327.35072 40.78 1.27 0.7862
672504.012171 9225327.61848 40.80 1.24 0.8078
672506.749105 9225327.88623 40.81 1.23 0.8117
672509.486039 9225328.15398 40.82 1.23 0.8104
672512.232925 9225328.42271 40.82 1.25 0.8019
672514.969859 9225328.69047 40.82 1.51 0.6618
672517.706793 9225328.95822 40.83 2.06 0.4850
672520.443727 9225329.22597 40.83 2.10 0.4771
672523.180661 9225329.49373 40.84 2.10 0.4762
672525.917595 9225329.76148 40.85 2.09 0.4780
672528.654529 9225330.02924 40.85 2.00 0.4998
672531.391463 9225330.29699 40.86 1.97 0.5068
672534.128397 9225330.56475 40.86 1.93 0.5189
672536.865331 9225330.8325 40.88 1.91 0.5236
672539.602265 9225331.10025 40.89 1.90 0.5255
672542.339199 9225331.36801 40.89 1.90 0.5252
672545.076133 9225331.63576 40.90 1.91 0.5233
672547.813067 9225331.90352 40.91 1.94 0.5155
672550.550001 9225332.17127 40.91 2.87 0.3488
672553.286935 9225332.43903 40.92 2.89 0.3464
672556.023869 9225332.70678 40.92 2.89 0.3460
672558.760803 9225332.97453 40.92 2.88 0.3473
672561.497737 9225333.24229 40.93 2.38 0.4193
672564.234671 9225333.51004 40.93 2.16 0.4621
672566.971605 9225333.7778 40.93 1.54 0.6485
672569.708539 9225334.04555 40.93 1.53 0.6553
672572.445473 9225334.3133 40.93 1.52 0.6575
672575.182407 9225334.58106 40.92 1.52 0.6583
672577.919341 9225334.84881 40.92 1.52 0.6579
672580.656275 9225335.11657 40.92 1.52 0.6562
672583.393209 9225335.38432 40.92 1.53 0.6540
672586.130143 9225335.65208 40.92 1.54 0.6502
672588.867077 9225335.91983 40.91 1.59 0.6293
672591.604011 9225336.18758 40.90 2.25 0.4448
672479.379765 9225325.20869 37.31 3.08 0.3251
672482.116699 9225325.47644 37.27 3.41 0.2936
672484.853633 9225325.7442 37.27 3.89 0.2571
672487.590567 9225326.01195 37.28 3.94 0.2536
672490.327501 9225326.2797 37.29 3.95 0.2532
672493.064435 9225326.54746 37.31 3.94 0.2535
672495.801369 9225326.81521 37.32 2.71 0.3689
672498.538303 9225327.08297 37.34 1.59 0.6281
672501.275237 9225327.35072 37.35 1.27 0.7893
672504.012171 9225327.61848 37.36 1.24 0.8045
672506.749105 9225327.88623 37.37 1.24 0.8071
672509.486039 9225328.15398 37.37 1.24 0.8058
672512.232925 9225328.42271 37.37 1.25 0.7994
672514.969859 9225328.69047 37.38 1.43 0.6969
672517.706793 9225328.95822 37.38 1.91 0.5233
672520.443727 9225329.22597 37.38 1.99 0.5030
672523.180661 9225329.49373 37.39 2.00 0.5013
672525.917595 9225329.76148 37.39 2.00 0.5013
672528.654529 9225330.02924 37.39 1.99 0.5033
672531.391463 9225330.29699 37.40 1.97 0.5089
672534.128397 9225330.56475 37.40 1.93 0.5187
672536.865331 9225330.8325 37.41 1.91 0.5222
672539.602265 9225331.10025 37.41 1.91 0.5233
672542.339199 9225331.36801 37.42 1.91 0.5233
672545.076133 9225331.63576 37.42 1.92 0.5214
672547.813067 9225331.90352 37.43 1.94 0.5144
672550.550001 9225332.17127 37.43 2.63 0.3797
672553.286935 9225332.43903 37.43 2.65 0.3778
672556.023869 9225332.70678 37.43 2.65 0.3775
672558.760803 9225332.97453 37.44 2.64 0.3786
672561.497737 9225333.24229 37.44 2.38 0.4198
672564.234671 9225333.51004 37.44 2.07 0.4838
672566.971605 9225333.7778 37.44 1.31 0.7657
672569.708539 9225334.04555 37.44 1.26 0.7949
672572.445473 9225334.3133 37.44 1.24 0.8039
672575.182407 9225334.58106 37.43 1.23 0.8110
672577.919341 9225334.84881 37.43 1.23 0.8137
672580.656275 9225335.11657 37.44 1.23 0.8150
672583.393209 9225335.38432 37.44 1.23 0.8157
672586.130143 9225335.65208 37.43 1.23 0.8150
672484.853633 9225325.7442 33.50 1.48 0.6757
672487.590567 9225326.01195 33.50 1.48 0.6739
672490.327501 9225326.2797 33.51 1.49 0.6725
672493.064435 9225326.54746 33.52 1.49 0.6720
672495.801369 9225326.81521 33.53 1.49 0.6729
672498.538303 9225327.08297 33.54 1.40 0.7158
672501.275237 9225327.35072 33.55 1.26 0.7918
672504.012171 9225327.61848 33.56 1.25 0.7987
672506.749105 9225327.88623 33.56 1.25 0.8000
672509.486039 9225328.15398 33.56 1.25 0.7987
672512.232925 9225328.42271 33.57 1.26 0.7943
672514.969859 9225328.69047 33.57 1.43 0.6998
672517.706793 9225328.95822 33.57 1.84 0.5444
672520.443727 9225329.22597 33.57 1.94 0.5149
672523.180661 9225329.49373 33.57 1.95 0.5128
672525.917595 9225329.76148 33.58 1.95 0.5120
672528.654529 9225330.02924 33.58 1.95 0.5128
672531.391463 9225330.29699 33.58 1.94 0.5144
672534.128397 9225330.56475 33.58 1.93 0.5179
672536.865331 9225330.8325 33.59 1.92 0.5200
672539.602265 9225331.10025 33.59 1.92 0.5208
672542.339199 9225331.36801 33.59 1.92 0.5203
672545.076133 9225331.63576 33.60 1.93 0.5187
672547.813067 9225331.90352 33.60 1.95 0.5136
672550.550001 9225332.17127 33.60 1.99 0.5025
672553.286935 9225332.43903 33.60 2.00 0.4995
672556.023869 9225332.70678 33.60 2.01 0.4985
672558.760803 9225332.97453 33.60 2.01 0.4988
672561.497737 9225333.24229 33.60 2.00 0.5005
672564.234671 9225333.51004 33.60 1.80 0.5540
672566.971605 9225333.7778 33.60 1.28 0.7800
672569.708539 9225334.04555 33.60 1.25 0.8013
672572.445473 9225334.3133 33.60 1.24 0.8084
672575.182407 9225334.58106 33.60 1.21 0.8237
672577.919341 9225334.84881 33.60 1.21 0.8271
672580.656275 9225335.11657 33.60 1.21 0.8295
672490.327501 9225326.2797 29.34 1.25 0.7994
672493.064435 9225326.54746 29.35 1.25 0.7974
672495.801369 9225326.81521 29.36 1.25 0.7968
672498.538303 9225327.08297 29.36 1.26 0.7962
672501.275237 9225327.35072 29.37 1.25 0.7968
672504.012171 9225327.61848 29.37 1.25 0.7981
672506.749105 9225327.88623 29.38 1.25 0.7974
672509.486039 9225328.15398 29.38 1.26 0.7962
672512.232925 9225328.42271 29.38 1.26 0.7918
672514.969859 9225328.69047 29.38 1.42 0.7037
672517.706793 9225328.95822 29.38 1.80 0.5562
672520.443727 9225329.22597 29.38 1.92 0.5214
672523.180661 9225329.49373 29.38 1.93 0.5184
672525.917595 9225329.76148 29.38 1.93 0.5171
672528.654529 9225330.02924 29.38 1.93 0.5168
672531.391463 9225330.29699 29.39 1.93 0.5173
672534.128397 9225330.56475 29.39 1.93 0.5181
672536.865331 9225330.8325 29.39 1.93 0.5189
672539.602265 9225331.10025 29.39 1.93 0.5189
672542.339199 9225331.36801 29.39 1.93 0.5184
672545.076133 9225331.63576 29.39 1.93 0.5168
672547.813067 9225331.90352 29.39 1.95 0.5133
672550.550001 9225332.17127 29.40 1.96 0.5094
672553.286935 9225332.43903 29.40 1.97 0.5076
672556.023869 9225332.70678 29.40 1.97 0.5071
672558.760803 9225332.97453 29.40 1.97 0.5076
672561.497737 9225333.24229 29.40 1.96 0.5094
672564.234671 9225333.51004 29.40 1.35 0.7407
672566.971605 9225333.7778 29.40 1.26 0.7918
672569.708539 9225334.04555 29.40 1.25 0.8032
672572.445473 9225334.3133 29.40 1.24 0.8084
672575.182407 9225334.58106 29.40 1.20 0.8299
672498.538303 9225327.08297 24.73 1.25 0.8026
672501.275237 9225327.35072 24.73 1.25 0.8013
672504.012171 9225327.61848 24.73 1.25 0.8000
672506.749105 9225327.88623 24.73 1.25 0.7987
672509.486039 9225328.15398 24.73 1.25 0.7968
672512.232925 9225328.42271 24.73 1.26 0.7918
672514.969859 9225328.69047 24.73 1.41 0.7107
672517.706793 9225328.95822 24.74 1.77 0.5650
672520.443727 9225329.22597 24.74 1.90 0.5266
672523.180661 9225329.49373 24.74 1.91 0.5225
672525.917595 9225329.76148 24.74 1.92 0.5208
672528.654529 9225330.02924 24.74 1.92 0.5198
672531.391463 9225330.29699 24.74 1.93 0.5192
672534.128397 9225330.56475 24.74 1.93 0.5189
672536.865331 9225330.8325 24.74 1.93 0.5187
672539.602265 9225331.10025 24.74 1.93 0.5181
672542.339199 9225331.36801 24.74 1.93 0.5173
672545.076133 9225331.63576 24.74 1.94 0.5157
672547.813067 9225331.90352 24.74 1.95 0.5136
672550.550001 9225332.17127 24.74 1.96 0.5115
672553.286935 9225332.43903 24.74 1.96 0.5105
672556.023869 9225332.70678 24.74 1.96 0.5102
672558.760803 9225332.97453 24.74 1.96 0.5107
672561.497737 9225333.24229 24.74 1.95 0.5123
672564.234671 9225333.51004 24.74 1.24 0.8037
672506.749105 9225327.88623 19.56 1.24 0.8039
672509.486039 9225328.15398 19.56 1.25 0.8013
672512.232925 9225328.42271 19.56 1.26 0.7955
672514.969859 9225328.69047 19.56 1.36 0.7369
672517.706793 9225328.95822 19.56 1.75 0.5714
672520.443727 9225329.22597 19.56 1.89 0.5302
672523.180661 9225329.49373 19.56 1.90 0.5252
672525.917595 9225329.76148 19.57 1.91 0.5233
672528.654529 9225330.02924 19.57 1.92 0.5219
672531.391463 9225330.29699 19.57 1.92 0.5208
672534.128397 9225330.56475 19.57 1.92 0.5200
672536.865331 9225330.8325 19.57 1.93 0.5192
672539.602265 9225331.10025 19.57 1.93 0.5181
672542.339199 9225331.36801 19.57 1.93 0.5171
672545.076133 9225331.63576 19.57 1.94 0.5155
672547.813067 9225331.90352 19.57 1.95 0.5131
672550.550001 9225332.17127 19.57 1.96 0.5110
672553.286935 9225332.43903 19.57 1.96 0.5102
672556.023869 9225332.70678 19.57 1.96 0.5105
672558.760803 9225332.97453 19.57 1.95 0.5117
672514.969859 9225328.69047 13.92 1.23 0.8123
672517.706793 9225328.95822 13.92 1.74 0.5737
672520.443727 9225329.22597 13.92 1.88 0.5325
672523.180661 9225329.49373 13.92 1.90 0.5271
672525.917595 9225329.76148 13.92 1.90 0.5252
672528.654529 9225330.02924 13.92 1.91 0.5233
672531.391463 9225330.29699 13.92 1.92 0.5219
672534.128397 9225330.56475 13.92 1.92 0.5208
672536.865331 9225330.8325 13.92 1.92 0.5198
672539.602265 9225331.10025 13.92 1.93 0.5184
672542.339199 9225331.36801 13.92 1.93 0.5171
672545.076133 9225331.63576 13.92 1.94 0.5155
672547.813067 9225331.90352 13.92 1.95 0.5131
672550.550001 9225332.17127 13.92 3.50 0.2857
